OFF
577 1998 0
0.0101189810 -0.1746422391 -0.0371069793
0.0773155084 0.2887325192 0.0360756654
-0.0524826332 -0.0322434692 -0.0724129921
-0.0117290516 -0.0292322690 0.0842340799
-0.0674321042 0.0136414361 0.0719805134
-0.0227410971 0.0295590794 -0.0906644985
0.0327571742 -0.0141619673 -0.0763744922
-0.0116912208 -0.0389557628 -0.0677122024
-0.0921420076 0.0123591803 0.0731371805
-0.2081797904 0.3351826921 -0.0121052678
0.0184263494 -0.0334082382 0.0738787675
-0.3048353470 -0.3963418264 0.0161283021
0.3536245937 0.3536151984 0.0156940916
-0.0122886945 -0.0917766646 0.0730910016
0.2580323379 -0.4155926177 -0.0132355180
0.0477492848 0.2405889869 -0.0243218447
0.3674668223 0.0606964148 0.0262156316
0.0127463589 -0.0277974060 0.0842188182
-0.0041761212 0.1231366671 -0.0484753596
0.0450676432 0.0016634646 -0.0930292047
0.0931083499 -0.0183982261 0.0708340592
0.0500023361 -0.0542354341 0.0841965377
0.0720094356 0.0659078466 -0.0531361976
-0.2362014804 -0.2870431879 0.0266024250
0.1079527108 0.3559322858 0.0263671421
0.4780145693 -0.1451443398 0.0156333345
0.2058260789 -0.4551551056 0.0158128248
0.1160749034 0.0395985067 0.0566550375
-0.0248358853 0.0659529492 0.0875753212
0.1222978758 -0.0078795305 0.0566527461
0.1011389549 0.0252045107 0.0641633204
0.0948015463 -0.0778625151 -0.0485302093
0.1446276328 -0.4781511108 0.0158516299
0.4928992602 -0.0814849853 0.0156219679
-0.0437048448 -0.1151115511 -0.0484428757
0.3863525167 0.3170648156 0.0156749616
-0.2643577242 -0.4240656407 0.0161040617
0.0386520412 -0.2959895213 0.0361191185
-0.0045864540 0.0685369328 0.0719396250
-0.2170241551 0.3031962883 0.0265709014
-0.0960515158 -0.1364756385 -0.0388196040
-0.3959810166 -0.0254965545 -0.0119765505
-0.0259121106 0.3959957165 -0.0122205864
-0.0270101796 0.0890370794 0.0730941475
0.2111921286 0.2113356465 0.0359950172
-0.1821681431 -0.2366844696 0.0362544122
0.0196378793 0.0329591906 -0.0677340652
0.4953686357 0.0651664426 -0.0062896011
0.2220383248 0.1007588037 -0.0244255399
0.2367305421 -0.1817812809 0.0359921984
0.0199823949 -0.0334687623 -0.0677320732
-0.1186817432 0.0320282802 -0.0484011563
-0.1054838656 0.1409962546 -0.0370456027
0.0216782328 -0.0123116690 -0.1133886249
0.0579394248 0.1088771613 -0.0485134975
0.4900467531 -0.0161171876 -0.0133930070
0.0794235589 -0.4837990160 -0.0131222283
-0.0427143864 -0.0050755675 0.1009733300
-0.0460208841 -0.0144189113 -0.0904803856
-0.0273120986 -0.0546080890 -0.0724278955
-0.0254357181 -0.0944110996 -0.0531279402
-0.4607980415 0.1402271491 -0.0097646177
0.0761756423 -0.0598384892 -0.0531346111
0.0738319095 0.0608613831 0.0708434093
0.1913368832 0.4618640804 -0.0061137878
0.3580048453 0.3353231760 -0.0133226008
-0.1022369680 -0.0679049124 0.0567943121
0.0027131501 -0.0737094720 -0.0794750642
0.0216961263 -0.0271812685 -0.0763671842
0.0046837329 -0.0323531637 -0.0905110451
-0.0597864366 0.0110414194 -0.0724098895
0.0109634218 0.0359612509 0.0738811027
0.3787954848 -0.3111855992 -0.0133140527
-0.2706258128 -0.1275126320 0.0363057723
-0.0585226993 0.0465207034 -0.0796360199
0.0886717012 0.0270806646 0.0730242965
0.4616720979 0.1912155613 -0.0062728414
-0.2546510419 -0.4084506048 -0.0098745376
-0.4997093396 0.0168570970 0.0162357141
-0.0813142532 0.4933907703 0.0159598104
0.1573715572 -0.0193280158 -0.0407583776
-0.0207653253 0.0726007153 0.0842363149
-0.0329809022 0.0200860910 -0.0677009295
0.0840586015 -0.0413659323 0.0722206401
0.1723200392 -0.4589645821 -0.0131807982
0.4589785465 0.1727361250 -0.0133799669
-0.1118622519 -0.4774265353 -0.0130035354
0.0815180151 0.4932983435 0.0158585958
-0.4785499362 -0.1445945160 0.0162279234
0.2499543206 0.4329139529 -0.0061492634
0.1310266670 -0.1438904305 -0.0345770044
0.1596595156 -0.1112788704 -0.0345958858
0.0496012074 -0.0464412696 0.0719097602
-0.0558121076 -0.0600057027 -0.0673598217
-0.0135716978 -0.0670660849 0.0719497139
0.0648334908 0.0222339899 0.0718980109
0.0465109938 0.0499672481 0.0719084792
-0.0434424598 -0.0524857947 0.0719677975
0.0451358597 0.0160278349 -0.0906651835
-0.0310510443 -0.0182811195 -0.0763346918
-0.1949129727 0.0093105308 -0.0343794861
-0.0344246824 0.1920996624 -0.0344853175
-0.4553179674 0.2067516932 0.0162018134
0.4838129775 0.0798396263 -0.0133923189
-0.0165332364 -0.4900327908 -0.0130623739
-0.2917125503 -0.4060990074 -0.0057846945
-0.3845427199 0.0900650003 -0.0119874987
0.0430325238 -0.1149144616 -0.0484967988
-0.0417317589 -0.0839886648 0.0723002478
0.0571453372 0.0196450087 -0.0724828609
0.4156065887 0.2584484411 -0.0133558533
-0.2024654209 -0.4455084995 -0.0129482759
0.4559485723 0.1888435570 0.0165813538
0.0217423681 -0.0287075334 -0.1039174560
-0.0345291448 -0.2969034919 0.0361646387
0.4551880693 0.2062250992 0.0156358541
-0.1455432572 -0.4779815632 0.0160319965
-0.0315778190 -0.0128908641 0.0842458753
-0.0476610651 -0.4788471549 -0.0100008660
0.0620253090 -0.1468977173 -0.0406948729
-0.2499705271 0.4334357621 0.0160666395
0.0340600081 -0.0755896255 -0.0649369285
0.0793695357 -0.0239840586 -0.0649668071
0.0574872981 -0.0479799371 -0.0767129973
0.4384132266 0.1986438614 -0.0103255138
-0.0331728475 -0.4984995567 -0.0059423358
0.0418102642 -0.0627715203 -0.0770270169
-0.3143214799 -0.2405306312 -0.0120201690
0.1978798391 0.3428442312 -0.0123579318
0.3349070568 -0.3579908648 -0.0132852169
-0.0008524783 -0.0327523580 -0.0905075905
-0.0074181458 0.0305110570 -0.1081893950
0.3038354680 -0.3964812041 -0.0061552107
0.4325019958 -0.2499356659 -0.0062400577
0.0926572008 0.1493586364 -0.0371690463
0.0070217282 0.0736568387 -0.0789259801
0.1213690777 -0.0199330511 -0.0485486478
0.0669170415 0.0466327468 -0.0677639084
0.1022304311 -0.3829443877 -0.0122743708
0.0392235197 -0.1160151525 0.0567079771
0.0277733298 0.1199710628 -0.0484951145
-0.0954899519 -0.0199720947 -0.0529832334
-0.4461574011 -0.2015355438 -0.0128048980
0.1421546132 0.4685260660 -0.0131928507
0.1489284157 -0.0926588925 -0.0371959870
-0.0707959320 0.0218305706 -0.0788989164
0.0148106700 -0.0340150492 -0.0763626772
-0.1722169001 -0.0327039640 -0.0373031315
0.0101714698 0.1750283988 -0.0374234045
-0.0701753875 -0.0066388712 0.0876059155
-0.0187344038 0.0310236795 -0.0763439854
-0.0056998629 0.0843616367 -0.0649175257
0.0389340380 -0.0112430167 -0.0677445918
-0.0311081932 -0.0147094273 -0.0906578272
0.0130292950 0.0064828213 -0.1175568239
0.0079393005 0.1226728810 0.0567194963
-0.1205362120 -0.0236550991 0.0568042174
0.3752924133 -0.1274890007 -0.0124525921
0.0689701262 -0.0645756959 0.0708505974
0.0679648733 -0.1018621809 0.0566896412
-0.1007520634 0.2224610189 -0.0242289331
0.0158248728 -0.1217262365 0.0567227115
0.0101764673 -0.0745656608 -0.0770069614
0.0362621024 0.0740853494 -0.0670972532
-0.2745260596 0.1193376854 0.0362999984
0.0665205917 -0.0355386574 -0.0770432815
0.0355108534 0.0669742727 -0.0770274102
0.0745378505 0.0106301366 -0.0770497984
-0.0751990613 0.0381018956 0.0782941468
0.0722418984 0.0208431077 0.0841802199
-0.2067185883 -0.4549190608 0.0160692575
0.4244043517 0.2639023178 0.0156530739
-0.3031562808 -0.2166313908 0.0266417061
-0.0632251761 -0.0418380668 -0.0769624214
-0.0320578020 -0.1185597225 0.0567523705
-0.0112881160 -0.0833842394 -0.0649084809
-0.4334026178 -0.2495715762 0.0162033460
0.0599089529 -0.0437009247 -0.0790755006
-0.0484334047 -0.0575148916 -0.0766468396
0.1112788815 0.1600882045 -0.0345748247
-0.1443190605 -0.1310266534 -0.0344062748
0.0981296614 0.1451137832 -0.0374770864
-0.1311734594 -0.1160524255 -0.0373258762
0.0322046003 -0.4985377243 -0.0059829736
-0.3489565706 -0.1308254291 0.0266673261
0.2494563726 -0.4327720825 -0.0061202030
0.4614521166 -0.1913182179 -0.0062600001
0.0376095478 0.0190595597 0.0738651006
-0.0923786523 0.0811868537 0.0567832325
-0.1750302357 0.0106018486 -0.0373028210
-0.0331343344 0.1722150636 -0.0373963919
-0.4239855333 -0.2259897844 -0.0097753380
-0.3967407463 0.3048684696 0.0161621428
-0.0471573777 0.1138687899 0.0567540372
-0.1189346821 0.0321175847 0.0568013696
-0.5000000000 0.0005029255 -0.0056687255
0.0186196334 -0.0414997308 -0.0930113309
-0.0421985355 0.0354761198 0.0968449680
-0.1920995888 -0.0339960246 -0.0343797967
0.0088818647 0.1949130458 -0.0345123306
-0.0750842572 -0.0022092146 -0.0769563658
-0.2209962385 0.4486036952 -0.0058570383
-0.4733837339 0.1611453952 -0.0056906055
-0.0741813690 0.0137344082 0.0842714737
0.0193239115 0.1578039594 -0.0406784491
-0.3428295462 0.1982954372 -0.0120170224
-0.0292671242 -0.0681791079 -0.0790192552
0.2264938709 0.4237400729 -0.0102012591
-0.1048496992 0.0653584844 -0.0484108613
0.0482125290 0.0081899568 -0.0880475226
-0.0099704544 -0.0468427514 -0.0906288410
0.0282790762 0.0413472294 -0.0880362330
-0.1594401215 -0.0049232165 -0.0405619237
-0.0451106478 -0.0536168535 0.0875918953
-0.0007709967 -0.0118128172 -0.1179590111
0.0306394323 0.0130576740 -0.0906971321
-0.2311808702 0.4329481862 -0.0129596011
-0.4591816139 0.1732653281 -0.0128092498
-0.0801091835 -0.0477209444 0.0709427063
-0.0538481424 0.0649845685 0.0782799821
-0.3968925352 -0.3038170748 -0.0057227108
0.4240983432 -0.2639585507 0.0156707953
0.3166657725 -0.3863195420 0.0157416399
0.0468058457 -0.0095089643 -0.0906653734
-0.0604537086 0.0557906144 -0.0673607822
0.0716971250 -0.0164886248 -0.0790837320
0.0097375412 -0.0604780067 -0.0724507308
-0.0146152511 -0.0327845514 -0.0763444267
-0.0156728206 0.4813746968 -0.0100526407
-0.4933576179 -0.0809152686 0.0162350131
0.0164580935 0.4997424912 0.0158988235
0.0618103235 0.0332846739 0.0875225463
0.0778533838 0.0952384454 -0.0485254232
-0.0843470983 -0.0895007976 -0.0484184627
-0.0332139675 0.0008158393 -0.0904885893
0.0812205836 0.0649664123 0.0641743813
0.0593850166 -0.0158065531 -0.0724830757
-0.1409978960 -0.1050536891 -0.0370153552
-0.0344188545 0.0596551589 0.0719584640
0.0692271872 0.0093023151 0.0875187324
0.0752556591 0.0373860408 -0.0649662881
-0.1668550687 0.1783476523 -0.0241863780
0.3717580103 -0.3054014312 -0.0102673403
0.4988366427 0.0326345279 0.0156144871
-0.3757784970 0.3299751787 -0.0057568848
0.1160505355 -0.1307431138 -0.0374790645
0.1446833841 -0.0981315537 -0.0374979459
0.0117611910 -0.1221871657 -0.0484771187
-0.1818948491 0.2373273544 0.0362384996
-0.4244645544 0.2643908396 0.0161807205
-0.0426642868 0.1711679387 -0.0370856538
-0.1676680256 -0.0532096155 -0.0370004987
-0.1611266426 -0.4729719428 -0.0058636466
-0.0466544568 0.0673652626 -0.0676940001
0.0327123452 -0.0111492235 0.0842058543
-0.0501902661 0.0093299792 -0.0888212460
0.0133756015 0.0742591629 0.0842150376
0.0340690925 -0.0362059916 0.0983185601
0.4696314654 -0.0935218204 -0.0103352160
-0.1181863946 -0.0354956264 -0.0483992216
0.4985181731 -0.0327609853 -0.0062883065
0.0970275949 -0.4900411643 -0.0060235502
-0.4735682881 -0.1601687233 -0.0056798194
0.2586317714 0.1494371848 0.0359675842
-0.0720728396 -0.0742573519 0.0642742934
0.0896494222 0.3845574152 -0.0122920404
0.0334470379 0.0204306053 -0.0677422330
-0.0214185104 -0.0213942673 -0.1089211773
-0.0119164297 0.0516239397 0.0975971797
0.3532161476 -0.3535916134 0.0157178330
-0.0582604877 0.1089441773 -0.0484412690
-0.1619277800 -0.1839771003 -0.0241774074
-0.3299563957 -0.3753666836 -0.0057619425
0.3295632285 0.3757972743 -0.0061968519
-0.0521961827 -0.3929766186 -0.0121780449
0.0065422832 0.0273806758 -0.1107114777
0.0418324187 -0.0172474292 -0.0930265656
-0.0339169626 -0.0200041156 -0.0676990162
0.3692862627 0.1390370410 -0.0124577104
0.0713560906 -0.0997964567 -0.0485149070
-0.0397210515 -0.0225455007 -0.0929756954
-0.0979863747 -0.4899286066 -0.0059023319
-0.0974207620 0.4904717550 -0.0059352442
-0.0203699271 -0.1213782150 -0.0484571727
0.4322655380 -0.2312637780 -0.0133499444
0.0410719448 0.0716610231 -0.0649461776
0.0146726750 -0.0306464846 -0.0906857556
0.0912118655 0.0278742021 0.0708337013
-0.0136566242 -0.0738225805 0.0842367590
-0.0329933678 0.0115858059 0.0842459423
-0.0516980834 0.0477824311 0.0875926224
0.0461845321 -0.0669387729 -0.0677472490
-0.4485848925 -0.2205843929 -0.0056933428
0.0356060691 0.0646444091 -0.0789434490
0.0409031235 0.0294515516 0.0987708501
-0.0628964070 -0.0306935039 0.0876021897
-0.1231457576 -0.0037392371 -0.0483971935
-0.1451156276 0.0985600566 -0.0373243373
-0.1164827790 0.1311716167 -0.0373432188
0.3753853298 -0.3295445880 -0.0062019096
-0.0264580833 0.0691053565 -0.0789050176
0.1979889711 -0.1419844077 -0.0244025288
0.3080062514 -0.2059617511 0.0262614489
-0.0001055930 0.0701763048 0.0875598084
0.0632235666 -0.0260746174 0.0719006160
0.0372630442 -0.0578017027 0.0875408302
0.0326973241 0.0047018854 0.1040812568
-0.0297414849 0.0182498784 0.1040689674
0.0327157119 -0.0003908633 -0.0905295315
-0.4066145987 -0.2906740794 0.0161880594
-0.0420423250 -0.0720823658 -0.0648897392
-0.0684153735 0.0677861567 -0.0530489710
0.0246347970 0.0659246836 0.0875445708
-0.0168240278 -0.4993104455 0.0159526921
0.4929916836 0.0813473143 0.0156165025
-0.4903403931 0.0980051155 -0.0056779682
-0.1605805810 0.4735870944 -0.0058954229
-0.2856876587 0.3990971471 -0.0129245951
0.0141345927 0.0332104675 -0.0763644896
0.0280979764 0.0991569840 0.0642062671
0.0965574548 0.0023310827 -0.0531033521
-0.1492856065 0.0563993631 -0.0405702724
0.4789180866 0.0471252453 -0.0103456597
0.0643652734 -0.0252996027 0.0875229038
0.1217859869 0.0161998552 0.0566522646
-0.0168147617 0.0422435183 -0.0929920859
-0.3283792389 0.3510144546 -0.0098539308
-0.2874359373 0.2362414764 0.0266168935
-0.0811270621 -0.0920036866 0.0567819904
0.0808122500 0.0924380952 0.0566752021
0.0460676707 0.0528447360 0.0875316824
-0.4157104100 0.2589273897 -0.0128391168
-0.1312182110 0.3489965852 0.0265160427
-0.0182765715 -0.0673471351 0.0875756710
0.0784464742 -0.2319343612 -0.0243252330
0.2401662923 -0.0477425734 -0.0244318764
-0.0737892270 -0.0070165188 -0.0788730681
-0.0287742337 -0.0409220879 -0.0879980360
-0.0487076866 -0.0077648154 -0.0879867464
0.3111995878 0.3792116134 -0.0132949639
0.3904357198 0.2797995820 -0.0102983860
0.2405452144 -0.3139059926 -0.0123626411
0.3424286165 -0.1978652612 -0.0124298264
0.0167965495 0.0395123909 0.1017557180
0.1101136586 -0.0542419111 0.0566618597
-0.0080567192 0.0064644098 -0.1181719946
0.0739003464 -0.0132978258 0.0841803229
0.0397497418 -0.0106233375 0.0738647561
-0.1203791804 0.1057148534 -0.0405898787
-0.0943198092 0.0158212498 0.0709494294
-0.0093104892 -0.1944843496 -0.0344880895
0.1916709643 0.0344247208 -0.0346206234
-0.0440536952 0.0135272788 -0.0929742002
0.1186194744 -0.0316828288 0.0566558232
0.0607107983 -0.0550884404 -0.0671081606
-0.1696720529 -0.4492763184 -0.0099260053
0.0327020909 -0.1717865607 -0.0374258914
0.1745979922 -0.0101733457 -0.0375194623
0.0920630973 -0.0807524933 0.0566739605
-0.0379034211 -0.0186236639 0.0739132915
-0.0849906334 -0.3625867935 0.0265109402
-0.0741066288 0.0367099365 -0.0670274060
-0.1282112487 -0.2700910718 0.0362219817
0.1438904359 0.1314553497 -0.0345941453
-0.1117075060 -0.1596595082 -0.0344255954
0.1307412159 0.1164809284 -0.0374964070
-0.0985619049 -0.1446852803 -0.0373451969
-0.1012432974 -0.0234276381 0.0642907378
0.0479523432 0.0579407862 -0.0767105881
0.2701373105 -0.1278241791 0.0359696406
-0.0816978085 -0.0215647237 -0.0648667669
-0.1138089928 -0.0467824026 0.0568008038
0.0317425943 0.1189944785 0.0567048222
0.0627437115 0.0422639399 -0.0770435177
0.0563824988 -0.0741397895 0.0722389323
0.2063526540 0.4553511065 0.0157822580
-0.0725229211 -0.0204065252 0.0842715767
-0.1727222822 0.4593949090 -0.0129968177
-0.4778425077 0.1118763397 -0.0127956112
-0.0595854124 -0.0340528279 0.0719772199
0.0261443453 0.0635896103 0.0719206868
0.0390863797 0.0745349913 0.0782218962
-0.0359923180 -0.0665483996 -0.0769785288
-0.3580200729 0.3357364269 -0.0128775285
0.0215803016 0.0931665248 0.0708748163
-0.0670020563 0.0359645305 -0.0769626576
-0.2424314929 0.0162652972 -0.0241340161
-0.0367312208 -0.0736588167 -0.0670469732
-0.0212261361 -0.1586493935 -0.0406427329
0.0997873216 0.0717929847 -0.0485382788
-0.0106579319 0.0749915339 -0.0769989776
-0.0394640939 -0.0365772790 0.0977847167
-0.1119669368 0.2769149230 0.0361937171
-0.2924938234 0.0635250991 0.0363130209
-0.0082545082 -0.1222381251 0.0567376964
-0.0394039627 0.0116695063 -0.0676966573
0.1488944961 -0.1943313892 -0.0243702728
0.0021234999 -0.0701170948 0.0875630822
-0.0106037133 -0.1745998959 -0.0373988788
0.1717846566 0.0331324668 -0.0375191518
-0.0218554669 -0.0401507747 -0.0929862161
-0.0164531487 0.0454512761 -0.0905007535
0.3171108569 0.3863858554 0.0157157004
-0.3420546596 -0.3643747893 0.0161503763
0.4765198096 -0.1278105117 0.0165790832
-0.0242572050 -0.2422661127 -0.0242610485
0.1224703473 0.2124168360 -0.0243673562
0.1149053243 0.0434694121 -0.0485467356
-0.0673869662 -0.0462062572 -0.0676773408
-0.0359325044 0.1181773038 -0.0484554549
-0.2195088086 0.1085194082 -0.0241513289
-0.4088648032 0.2546671481 -0.0098007005
-0.1982807688 -0.3424140553 -0.0120889170
0.3139205502 0.2409608071 -0.0124266798
0.1342043838 0.1137828170 -0.0371936908
-0.4690939284 -0.1088302640 -0.0097511893
0.2355171722 -0.2873153286 0.0263092105
0.0312967964 0.0133274465 0.0842059213
-0.0422917288 0.0631973933 -0.0769789221
0.0327796804 0.4989301474 -0.0060164586
-0.4904529467 -0.0970088917 -0.0056714215
0.1398128407 0.4608141761 -0.0101486088
-0.0579683595 0.0484058317 -0.0766444304
0.0080167604 0.0475581114 -0.0906431572
0.1451773576 0.4784136485 0.0158195191
-0.4555539689 -0.2057930140 0.0162156614
-0.2903477312 -0.0722954790 0.0363161977
-0.0392563926 -0.0859621387 0.0709185820
0.0653137193 -0.0789828215 0.0647130441
-0.0400428240 0.0110585388 0.0739136356
-0.0813539079 0.0507798310 0.0709402087
0.0359066883 -0.0636711755 -0.0790599174
-0.4328950838 0.2503661871 -0.0057187367
-0.3042289033 0.3969113297 -0.0058035835
0.2793852644 -0.3904197521 -0.0102070971
0.4233257242 -0.2264778746 -0.0103020163
0.4549520331 -0.2063196475 0.0156497021
0.2635032858 -0.4243713832 0.0157759498
-0.1085126572 -0.2190861994 -0.0242094446
0.0339960578 -0.1916709661 -0.0345151026
0.1944843481 -0.0088818346 -0.0346209340
0.0305703859 0.0187070356 -0.0763742246
0.0161312307 0.4904629092 -0.0131152422
-0.4842149832 -0.0794095078 -0.0127852971
0.2060016497 0.3083991063 0.0263077729
0.0609889333 0.0417981260 -0.0790790115
-0.0009541722 -0.0303130262 -0.1089724889
-0.2910730218 0.4066477387 0.0160930788
0.2312777809 0.4326816785 -0.0132470598
-0.3990830080 -0.2852716434 -0.0128313787
0.2873552130 0.2359100115 0.0262596104
0.0629982436 -0.0553037129 -0.0649555904
-0.2372810169 -0.1815077793 0.0362868382
0.1493485697 0.2588463813 0.0360318817
-0.1600881401 0.1117075666 -0.0344045342
-0.1314552915 0.1443191268 -0.0344234157
0.3964998332 0.3042473973 -0.0062360838
-0.2503474182 -0.4324832831 -0.0058095311
0.4781840714 0.1450266409 0.0156235921
-0.0818838799 -0.4928662187 0.0159929197
-0.0656718314 -0.0708635898 -0.0530460716
-0.0157900221 -0.0414208711 0.1009997112
0.0553425861 0.0604322138 -0.0674329161
-0.0528518175 0.0435122035 0.0719704582
0.0546606074 -0.0041261567 0.0966691145
-0.2989100227 0.0003890391 0.0363191061
-0.1101928112 0.0545597744 0.0567951902
-0.0682798832 0.1022967632 0.0567675514
-0.3387355166 0.1538507920 0.0266515180
-0.0545942251 -0.0499245647 0.0842614124
0.0467109743 -0.4789021312 -0.0100595265
0.0155663399 -0.0451727657 -0.0906447703
0.0325109776 -0.0196596014 -0.0677403197
0.0204843027 -0.0721641329 0.0842154817
0.0957382154 -0.0378069732 0.0641687703
0.1482471051 0.0573950780 -0.0407552539
0.1294404038 0.4829140718 -0.0060760117
0.0085579107 -0.0481937493 -0.0880210004
0.0809483189 -0.4929587245 0.0158917052
0.4993434053 -0.0164250513 0.0156158014
-0.0552529533 0.0630423509 -0.0648860151
-0.3677670674 0.0488259875 0.0266730523
-0.0613264010 -0.0409052893 -0.0796313735
-0.0889665801 -0.0266448225 0.0731365020
0.1084402592 -0.0579485525 -0.0485393486
0.3290901014 0.3513877928 -0.0102626307
-0.0112572952 -0.0355253551 0.0738972894
-0.0051823358 0.0327777441 -0.0905070754
0.0213453417 -0.0210148195 0.1047867055
-0.0745056104 -0.0563125562 0.0723197011
-0.0798357785 0.0244105608 -0.0648694513
0.0288664193 0.0034434910 -0.1100690733
0.0646222355 0.0539220173 0.0782067075
0.4327907057 0.2498682907 -0.0062568365
0.1019219339 0.0683398662 0.0566628806
-0.0544999876 -0.1098178495 0.0567660304
-0.0337212163 0.0895738954 0.0709093114
-0.0325977192 0.4989675722 -0.0059758208
-0.0039543572 -0.0294301991 0.1046171264
0.1982295604 -0.4383972665 -0.0101550568
0.0293666079 -0.0895152826 -0.0538383153
-0.0798255645 0.4842291345 -0.0130553878
-0.4904487587 0.0165473060 -0.0127846091
-0.0409225262 0.0466491087 -0.0724227981
0.0439993174 0.0869748288 -0.0531194860
-0.3109346176 -0.3779707779 -0.0128830937
-0.0204523196 0.0338952520 -0.0677091760
-0.2370715277 0.1822144711 0.0362746282
-0.2224542485 -0.1003294289 -0.0241425618
0.1779249652 0.1668618226 -0.0244003142
0.4681099167 -0.1421405939 -0.0133751855
-0.0201078040 -0.0325327010 -0.0677071839
-0.4065108141 0.2917313266 -0.0057365112
0.0735411942 -0.0347323897 -0.0677653237
0.0267153007 -0.0886012373 0.0730666510
-0.0008993592 0.0337505072 -0.0905097701
0.3955800868 0.0259267304 -0.0124702982
-0.0655869374 0.0242907404 0.0876020360
-0.0082249643 0.0486726881 -0.0880137852
0.1490500615 -0.2585855363 0.0360492520
-0.1089532695 -0.0578236142 -0.0484042194
-0.0899376645 0.0843380021 -0.0484207611
0.2639915468 0.4244974095 0.0157474540
-0.0232084648 0.0197587607 -0.1089219578
-0.0653675840 -0.1044128356 -0.0484297653
0.1133526040 -0.1342060828 -0.0371724930
-0.1226130835 0.0083142864 0.0568044466
-0.0240300788 0.1205960098 0.0567394377
0.3385594851 0.1534601744 0.0262305198
-0.1092445245 0.4691100698 -0.0099940686
-0.4792613355 0.0476771328 -0.0097500671
0.0409071696 -0.0452034569 -0.0724706134
-0.1538108107 -0.3383427788 0.0265529141
-0.0111521169 0.0605157032 -0.0724417641
0.1221780276 0.0121980732 -0.0485502178
-0.0130273815 0.0282339884 0.0842329784
-0.3678196775 -0.0602636703 0.0266767081
0.0122285633 0.3725946257 0.0264260915
0.0712778704 0.0162130310 -0.0789640143
0.4825021026 -0.1294217269 -0.0062751406
0.1908036551 -0.4616534791 -0.0060827848
0.0233843907 0.0209190229 -0.1083637715
0.3859867976 -0.3170778703 0.0156962498
-0.2061919737 0.4555871166 0.0160386908
-0.4783804641 0.1455763508 0.0162181810
-0.0290529166 0.0038379129 -0.1094318152
0.1530673520 -0.3385196088 0.0263621624
0.3555394196 -0.1079127943 0.0262286456
0.0136519916 -0.0930620771 0.0708859296
-0.2264040215 0.4240016683 -0.0099197433
-0.4932651154 0.0819169616 0.0162295476
-0.1449934880 0.4785830871 0.0159998856
0.0119938156 0.0922125067 0.0730697969
0.3722017544 -0.0121886287 0.0262151090
0.0603036109 -0.3674269497 0.0264207851
-0.0187202228 0.0338441340 0.0738996245
0.0543016725 0.1104886605 0.0566910818
-0.0907591582 0.0256830377 -0.0546165362
0.2895478710 0.0701075486 0.0359510012
0.0323165175 0.0051453489 -0.0905294673
0.0918471287 -0.0119233382 0.0730236180
-0.0320615091 0.2432482745 -0.0242723220
-0.0332378326 0.0145878834 -0.0763344241
0.0299790933 0.0328802910 -0.0930208623
0.0112212962 0.0393822525 -0.0677290467
0.0234149227 0.0572398409 -0.0724631424
0.0218679550 -0.0647637695 0.0719276079
0.0114480290 0.0296688514 0.0842177167
0.2438648460 0.0160707287 -0.0244362948
-0.3647737162 0.3420877887 0.0161410358
0.0048916396 0.2992738386 0.0361203345
0.2942417451 -0.0436326716 0.0359518609
-0.0336322875 -0.0034127857 -0.0904881888
0.4826518680 0.1292964098 -0.0062838261
-0.0033024773 0.0075427360 0.1072987165
-0.3509983315 -0.3279650231 -0.0098173206
-0.0131185365 0.0965992765 -0.0531611536
3 574 488 306
3 488 574 306
3 574 498 488
3 498 574 488
3 498 574 57
3 574 498 57
3 574 307 57
3 307 574 57
3 574 306 343
3 306 574 343
3 574 343 307
3 343 574 307
3 498 57 461
3 57 498 461
3 306 488 257
3 488 306 257
3 488 498 257
3 498 488 257
3 307 343 268
3 343 307 268
3 343 306 294
3 306 343 294
3 461 57 391
3 57 461 391
3 307 197 57
3 197 307 57
3 306 257 464
3 257 306 464
3 498 397 257
3 397 498 257
3 498 461 397
3 461 498 397
3 307 268 197
3 268 307 197
3 268 343 312
3 343 268 312
3 306 464 294
3 464 306 294
3 461 391 333
3 391 461 333
3 57 197 517
3 197 57 517
3 343 294 312
3 294 343 312
3 294 330 312
3 330 294 312
3 464 257 323
3 257 464 323
3 257 397 305
3 397 257 305
3 397 461 333
3 461 397 333
3 391 57 149
3 57 391 149
3 197 268 28
3 268 197 28
3 268 303 28
3 303 268 28
3 294 231 330
3 231 294 330
3 294 239 231
3 239 294 231
3 294 464 239
3 464 294 239
3 323 257 305
3 257 323 305
3 333 391 213
3 391 333 213
3 57 517 149
3 517 57 149
3 197 290 517
3 290 197 517
3 197 28 290
3 28 197 290
3 268 312 303
3 312 268 303
3 464 323 239
3 323 464 239
3 391 295 213
3 295 391 213
3 391 149 295
3 149 391 295
3 323 305 92
3 305 323 92
3 305 566 92
3 566 305 92
3 305 397 566
3 397 305 566
3 397 94 566
3 94 397 566
3 397 333 94
3 333 397 94
3 333 97 94
3 97 333 94
3 333 213 97
3 213 333 97
3 213 295 97
3 295 213 97
3 295 379 97
3 379 295 97
3 295 4 379
3 4 295 379
3 295 149 4
3 149 295 4
3 149 517 4
3 517 149 4
3 517 463 4
3 463 517 4
3 517 290 463
3 290 517 463
3 290 238 463
3 238 290 463
3 290 28 238
3 28 290 238
3 28 38 238
3 38 28 238
3 28 303 38
3 303 28 38
3 303 380 38
3 380 303 38
3 303 312 380
3 312 303 380
3 312 330 380
3 330 312 380
3 330 96 380
3 96 330 380
3 330 231 96
3 231 330 96
3 231 95 96
3 95 231 96
3 231 239 95
3 239 231 95
3 239 323 95
3 323 239 95
3 323 304 95
3 304 323 95
3 323 92 304
3 92 323 304
3 92 566 158
3 566 92 158
3 566 548 158
3 548 566 158
3 566 94 548
3 94 566 548
3 94 427 548
3 427 94 548
3 94 97 427
3 97 94 427
3 97 218 427
3 218 97 427
3 97 379 218
3 379 97 218
3 379 4 218
3 4 379 218
3 4 349 218
3 349 4 218
3 4 430 349
3 430 4 349
3 4 463 430
3 463 4 430
3 463 238 430
3 238 463 430
3 238 496 430
3 496 238 430
3 238 38 496
3 38 238 496
3 38 384 496
3 384 38 496
3 38 380 384
3 380 38 384
3 380 63 384
3 63 380 384
3 380 96 63
3 96 380 63
3 96 95 63
3 95 96 63
3 95 287 63
3 287 95 63
3 95 20 287
3 20 95 287
3 95 304 20
3 304 95 20
3 304 158 20
3 158 304 20
3 304 92 158
3 92 304 158
3 158 428 474
3 428 158 474
3 158 548 428
3 548 158 428
3 427 218 264
3 218 427 264
3 218 367 264
3 367 218 264
3 218 349 367
3 349 218 367
3 430 188 349
3 188 430 349
3 384 193 496
3 193 384 496
3 384 319 193
3 319 384 193
3 384 63 319
3 63 384 319
3 63 287 235
3 287 63 235
3 287 30 235
3 30 287 235
3 287 20 30
3 20 287 30
3 20 474 30
3 474 20 30
3 20 158 474
3 158 20 474
3 430 496 188
3 496 430 188
3 63 235 319
3 235 63 319
3 474 428 358
3 428 474 358
3 428 159 358
3 159 428 358
3 428 548 159
3 548 428 159
3 548 139 159
3 139 548 159
3 548 161 139
3 161 548 139
3 548 394 161
3 394 548 161
3 548 427 394
3 427 548 394
3 427 174 394
3 174 427 394
3 427 495 174
3 495 427 174
3 427 264 495
3 264 427 495
3 264 328 495
3 328 264 495
3 264 66 328
3 66 264 328
3 264 367 66
3 367 264 66
3 367 371 66
3 371 367 66
3 367 156 371
3 156 367 371
3 367 526 156
3 526 367 156
3 367 349 526
3 349 367 526
3 349 194 526
3 194 349 526
3 349 466 194
3 466 349 194
3 349 188 466
3 188 349 466
3 496 467 188
3 467 496 188
3 496 193 467
3 193 496 467
3 193 319 527
3 319 193 527
3 319 155 527
3 155 319 527
3 319 372 155
3 372 319 155
3 319 556 372
3 556 319 372
3 319 329 556
3 329 319 556
3 319 235 329
3 235 319 329
3 235 494 329
3 494 235 329
3 235 30 494
3 30 235 494
3 30 27 494
3 27 30 494
3 30 324 27
3 324 30 27
3 30 29 324
3 29 30 324
3 30 474 29
3 474 30 29
3 474 353 29
3 353 474 29
3 474 344 353
3 344 474 353
3 474 358 344
3 358 474 344
3 358 279 31
3 279 358 31
3 358 159 279
3 159 358 279
3 159 107 279
3 107 159 279
3 159 139 107
3 139 159 107
3 139 247 107
3 247 139 107
3 139 161 247
3 161 139 247
3 161 394 247
3 394 161 247
3 394 283 247
3 283 394 247
3 394 174 283
3 174 394 283
3 174 34 283
3 34 174 283
3 174 495 34
3 495 174 34
3 495 524 34
3 524 495 34
3 495 328 524
3 328 495 524
3 328 233 524
3 233 328 524
3 328 66 233
3 66 328 233
3 66 520 233
3 520 66 233
3 66 371 520
3 371 66 520
3 371 259 520
3 259 371 520
3 371 156 259
3 156 371 259
3 156 296 259
3 296 156 259
3 156 526 296
3 526 156 296
3 526 51 296
3 51 526 296
3 526 194 51
3 194 526 51
3 194 466 51
3 466 194 51
3 466 208 51
3 208 466 51
3 466 188 208
3 188 466 208
3 188 521 208
3 521 188 208
3 188 467 521
3 467 188 521
3 467 270 521
3 270 467 521
3 467 193 270
3 193 467 270
3 193 409 270
3 409 193 270
3 193 527 409
3 527 193 409
3 527 18 409
3 18 527 409
3 527 155 18
3 155 527 18
3 155 140 18
3 140 155 18
3 155 372 140
3 372 155 140
3 372 54 140
3 54 372 140
3 372 556 54
3 556 372 54
3 556 232 54
3 232 556 54
3 556 329 232
3 329 556 232
3 329 389 232
3 389 329 232
3 329 494 389
3 494 329 389
3 494 407 389
3 407 494 389
3 494 27 407
3 27 494 407
3 27 534 407
3 534 27 407
3 27 324 534
3 324 27 534
3 324 29 534
3 29 324 534
3 29 136 534
3 136 29 534
3 29 353 136
3 353 29 136
3 353 484 136
3 484 353 136
3 353 344 484
3 344 353 484
3 344 31 484
3 31 344 484
3 344 358 31
3 358 344 31
3 31 500 62
3 500 31 62
3 31 279 500
3 279 31 500
3 279 107 500
3 107 279 500
3 247 60 107
3 60 247 107
3 247 283 60
3 283 247 60
3 283 34 60
3 34 283 60
3 34 524 60
3 524 34 60
3 524 233 60
3 233 524 60
3 233 460 60
3 460 233 60
3 233 520 460
3 520 233 460
3 520 141 460
3 141 520 460
3 520 259 141
3 259 520 141
3 259 296 141
3 296 259 141
3 51 311 296
3 311 51 296
3 51 208 311
3 208 51 311
3 208 521 311
3 521 208 311
3 521 270 311
3 270 521 311
3 270 409 311
3 409 270 311
3 409 576 311
3 576 409 311
3 409 18 576
3 18 409 576
3 18 140 576
3 140 18 576
3 140 504 576
3 504 140 576
3 140 54 504
3 54 140 504
3 54 22 504
3 22 54 504
3 54 232 22
3 232 54 22
3 232 389 22
3 389 232 22
3 389 320 22
3 320 389 22
3 389 407 320
3 407 389 320
3 407 534 320
3 534 407 320
3 534 136 320
3 136 534 320
3 136 484 320
3 484 136 320
3 484 62 320
3 62 484 320
3 484 31 62
3 31 484 62
3 107 60 500
3 60 107 500
3 141 296 557
3 296 141 557
3 296 311 557
3 311 296 557
3 62 500 451
3 500 62 451
3 500 121 451
3 121 500 451
3 500 175 121
3 175 500 121
3 500 60 175
3 60 500 175
3 60 310 175
3 310 60 175
3 60 460 310
3 460 60 310
3 460 370 310
3 370 460 310
3 460 141 370
3 141 460 370
3 141 490 370
3 490 141 370
3 141 557 490
3 557 141 490
3 557 311 490
3 311 557 490
3 311 480 490
3 480 311 490
3 311 576 480
3 576 311 480
3 576 151 480
3 151 576 480
3 576 504 151
3 504 576 151
3 504 285 151
3 285 504 151
3 504 22 285
3 22 504 285
3 22 240 285
3 240 22 285
3 22 320 240
3 320 22 240
3 320 122 240
3 122 320 240
3 320 62 122
3 62 320 122
3 62 451 122
3 451 62 122
3 451 121 531
3 121 451 531
3 121 226 531
3 226 121 531
3 121 175 226
3 175 121 226
3 175 59 226
3 59 175 226
3 175 310 59
3 310 175 59
3 310 2 59
3 2 310 59
3 310 370 2
3 370 310 2
3 370 70 2
3 70 370 2
3 370 490 70
3 490 370 70
3 490 480 70
3 480 490 70
3 480 503 70
3 503 480 70
3 480 533 503
3 533 480 503
3 480 151 533
3 151 480 533
3 151 565 533
3 565 151 533
3 151 285 565
3 285 151 565
3 285 109 565
3 109 285 565
3 285 240 109
3 240 285 109
3 240 122 109
3 122 240 109
3 122 236 109
3 236 122 109
3 122 531 236
3 531 122 236
3 122 451 531
3 451 122 531
3 531 226 431
3 226 531 431
3 226 67 431
3 67 226 431
3 226 59 67
3 59 226 67
3 59 206 67
3 206 59 67
3 59 2 206
3 2 59 206
3 70 336 2
3 336 70 2
3 70 145 336
3 145 70 336
3 70 503 145
3 503 70 145
3 503 533 300
3 533 503 300
3 533 135 300
3 135 533 300
3 533 565 135
3 565 533 135
3 565 293 135
3 293 565 135
3 565 445 293
3 445 565 293
3 565 109 445
3 109 565 445
3 109 538 445
3 538 109 445
3 109 236 538
3 236 109 538
3 236 225 538
3 225 236 538
3 236 531 225
3 531 236 225
3 531 177 225
3 177 531 225
3 531 431 177
3 431 531 177
3 2 482 206
3 482 2 206
3 2 336 482
3 336 2 482
3 503 74 145
3 74 503 145
3 503 300 74
3 300 503 74
3 431 67 477
3 67 431 477
3 67 206 477
3 206 67 477
3 206 337 477
3 337 206 477
3 206 482 337
3 482 206 337
3 482 338 337
3 338 482 337
3 482 336 338
3 336 482 338
3 336 145 338
3 145 336 338
3 145 74 338
3 74 145 338
3 74 300 518
3 300 74 518
3 300 135 518
3 135 300 518
3 135 293 518
3 293 135 518
3 293 211 518
3 211 293 518
3 293 445 211
3 445 293 211
3 445 209 211
3 209 445 211
3 445 538 209
3 538 445 209
3 538 225 209
3 225 538 209
3 225 177 209
3 177 225 209
3 431 477 177
3 477 431 177
3 477 153 286
3 153 477 286
3 477 337 153
3 337 477 153
3 337 338 153
3 338 337 153
3 338 5 153
3 5 338 153
3 338 74 5
3 74 338 5
3 74 518 5
3 518 74 5
3 518 215 5
3 215 518 5
3 518 211 215
3 211 518 215
3 211 209 215
3 209 211 215
3 209 286 215
3 286 209 215
3 209 177 286
3 177 209 286
3 177 477 286
3 477 177 286
3 286 400 196
3 400 286 196
3 286 153 400
3 153 286 400
3 153 280 400
3 280 153 400
3 153 352 280
3 352 153 280
3 153 5 352
3 5 153 352
3 5 325 352
3 325 5 352
3 5 563 325
3 563 5 325
3 5 215 563
3 215 5 563
3 215 19 563
3 19 215 563
3 215 276 19
3 276 215 19
3 215 286 276
3 286 215 276
3 286 196 276
3 196 286 276
3 196 113 276
3 113 196 276
3 400 280 267
3 280 400 267
3 352 523 545
3 523 352 545
3 352 325 523
3 325 352 523
3 325 563 275
3 563 325 275
3 563 541 275
3 541 563 275
3 196 446 113
3 446 196 113
3 196 400 446
3 400 196 446
3 446 400 267
3 400 446 267
3 280 352 545
3 352 280 545
3 325 131 523
3 131 325 523
3 325 275 131
3 275 325 131
3 563 19 541
3 19 563 541
3 19 276 53
3 276 19 53
3 276 113 53
3 113 276 53
3 280 545 267
3 545 280 267
3 19 491 541
3 491 19 541
3 19 53 491
3 53 19 491
3 131 275 523
3 275 131 523
3 113 446 53
3 446 113 53
3 446 267 214
3 267 446 214
3 267 345 214
3 345 267 214
3 267 545 345
3 545 267 345
3 545 523 345
3 523 545 345
3 523 275 345
3 275 523 345
3 275 154 345
3 154 275 345
3 275 541 154
3 541 275 154
3 541 491 154
3 491 541 154
3 491 53 154
3 53 491 154
3 53 446 214
3 446 53 214
3 53 214 154
3 214 53 154
3 154 214 345
3 214 154 345
3 130 572 210
3 572 130 210
3 572 58 210
3 58 572 210
3 234 487 255
3 487 234 255
3 487 401 255
3 401 487 255
3 515 559 423
3 559 515 423
3 559 98 423
3 98 559 423
3 308 69 223
3 69 308 223
3 69 471 223
3 471 69 223
3 471 69 308
3 69 471 308
3 210 58 130
3 58 210 130
3 58 572 130
3 572 58 130
3 255 487 234
3 487 255 234
3 255 401 487
3 401 255 487
3 423 559 515
3 559 423 515
3 423 98 559
3 98 423 559
3 223 471 308
3 471 223 308
3 50 291 354
3 291 50 354
3 7 511 387
3 511 7 387
3 511 93 387
3 93 511 387
3 277 408 93
3 408 277 93
3 395 82 361
3 82 395 361
3 82 224 361
3 224 82 361
3 506 253 224
3 253 506 224
3 564 46 163
3 46 564 163
3 46 462 163
3 462 46 163
3 266 137 462
3 137 266 462
3 513 354 152
3 513 152 354
3 152 472 354
3 472 152 354
3 123 68 354
3 68 123 354
3 68 50 354
3 50 68 354
3 68 146 50
3 146 68 50
3 146 291 50
3 291 146 50
3 146 126 291
3 126 146 291
3 126 162 291
3 162 126 291
3 162 382 387
3 382 162 387
3 382 7 387
3 7 382 387
3 382 227 7
3 227 382 7
3 227 511 7
3 511 227 7
3 227 178 511
3 178 227 511
3 178 93 511
3 93 178 511
3 178 99 93
3 99 178 93
3 99 277 93
3 277 99 93
3 99 408 277
3 408 99 277
3 99 173 408
3 173 99 408
3 173 200 408
3 200 173 408
3 385 361 200
3 361 385 200
3 385 395 361
3 395 385 361
3 385 562 395
3 562 385 395
3 562 82 395
3 82 562 395
3 562 422 82
3 422 562 82
3 422 224 82
3 224 422 82
3 422 150 224
3 150 422 224
3 150 506 224
3 506 150 224
3 150 253 506
3 253 150 506
3 150 418 253
3 418 150 253
3 418 390 253
3 390 418 253
3 166 163 390
3 163 166 390
3 166 564 163
3 564 166 163
3 166 318 564
3 318 166 564
3 318 46 564
3 46 318 564
3 318 368 46
3 368 318 46
3 368 462 46
3 462 368 46
3 368 441 462
3 441 368 462
3 441 266 462
3 266 441 462
3 441 137 266
3 137 441 266
3 441 373 137
3 373 441 137
3 373 167 137
3 167 373 137
3 167 513 165
3 167 165 513
3 165 152 513
3 152 165 513
3 165 6 152
3 6 165 152
3 6 472 152
3 472 6 152
3 6 123 472
3 123 6 472
3 123 354 472
3 354 123 472
3 123 126 68
3 126 123 68
3 126 146 68
3 146 126 68
3 382 178 227
3 178 382 227
3 178 173 99
3 173 178 99
3 385 422 562
3 422 385 562
3 150 418 422
3 150 422 418
3 166 368 318
3 368 166 318
3 368 373 441
3 373 368 441
3 165 123 6
3 123 165 6
3 117 203 376
3 203 117 376
3 117 289 203
3 289 117 203
3 535 567 81
3 567 535 81
3 567 256 81
3 256 567 81
3 417 346 169
3 346 417 169
3 417 254 346
3 254 417 346
3 17 288 473
3 288 17 473
3 17 3 288
3 3 17 288
3 486 13 3
3 13 486 3
3 13 288 3
3 288 13 3
3 288 108 13
3 288 13 108
3 108 469 288
3 469 108 288
3 108 489 469
3 489 108 469
3 489 483 469
3 483 489 469
3 469 376 483
3 469 483 376
3 483 359 376
3 359 483 376
3 359 117 376
3 117 359 376
3 359 289 117
3 289 359 117
3 359 429 289
3 429 359 289
3 429 8 289
3 8 429 289
3 8 203 289
3 203 8 289
3 8 168 203
3 168 8 203
3 43 81 219
3 81 43 219
3 43 555 81
3 555 43 81
3 555 535 81
3 535 555 81
3 555 567 535
3 567 555 535
3 555 71 567
3 71 555 567
3 71 552 567
3 552 71 567
3 552 256 567
3 256 552 567
3 552 381 256
3 381 552 256
3 75 169 492
3 169 75 492
3 75 187 169
3 187 75 169
3 187 417 169
3 417 187 169
3 187 347 417
3 347 187 417
3 347 254 417
3 254 347 417
3 347 560 254
3 560 347 254
3 560 346 254
3 346 560 254
3 560 83 346
3 83 560 346
3 83 21 346
3 21 83 346
3 83 374 21
3 374 83 21
3 21 514 374
3 21 374 514
3 514 473 21
3 473 514 21
3 514 10 473
3 10 514 473
3 10 17 473
3 17 10 473
3 10 3 17
3 3 10 17
3 10 486 3
3 486 10 3
3 483 8 359
3 8 483 359
3 8 429 359
3 429 8 359
3 43 71 555
3 71 43 555
3 43 552 71
3 552 43 71
3 75 347 187
3 347 75 187
3 75 560 347
3 560 75 347
3 514 13 10
3 13 514 10
3 13 486 10
3 486 13 10
3 302 416 49
3 416 302 49
3 416 519 49
3 519 416 49
3 416 546 519
3 546 416 519
3 546 554 519
3 554 546 519
3 554 37 519
3 37 554 519
3 554 114 37
3 114 554 37
3 554 360 114
3 360 554 114
3 360 532 114
3 532 360 114
3 532 362 114
3 362 532 114
3 362 45 532
3 362 532 45
3 532 23 45
3 23 532 45
3 23 452 45
3 452 23 45
3 23 172 452
3 172 23 452
3 172 184 452
3 184 172 452
3 452 73 184
3 452 184 73
3 184 426 73
3 426 184 73
3 184 536 426
3 536 184 426
3 426 465 536
3 426 536 465
3 536 481 465
3 481 536 465
3 481 393 465
3 393 481 465
3 481 468 393
3 468 481 393
3 468 164 393
3 164 468 393
3 468 507 164
3 507 468 164
3 468 327 507
3 327 468 507
3 327 248 507
3 248 327 507
3 327 39 248
3 39 327 248
3 39 332 248
3 332 39 248
3 332 392 248
3 392 332 248
3 332 537 392
3 537 332 392
3 392 570 537
3 392 537 570
3 570 1 537
3 570 537 1
3 537 24 1
3 24 537 1
3 24 453 1
3 453 24 1
3 24 444 453
3 444 24 453
3 453 44 444
3 453 444 44
3 444 450 44
3 450 444 44
3 450 263 44
3 263 450 44
3 450 528 263
3 528 450 263
3 263 558 528
3 263 528 558
3 528 16 558
3 16 528 558
3 16 571 558
3 571 16 558
3 16 553 571
3 553 16 571
3 553 547 571
3 547 553 571
3 547 369 571
3 369 547 571
3 547 302 369
3 302 547 369
3 302 49 369
3 49 302 369
3 542 416 302
3 416 542 302
3 542 222 416
3 222 542 416
3 222 546 416
3 546 222 416
3 222 26 546
3 26 222 546
3 26 478 546
3 478 26 546
3 478 554 546
3 554 478 546
3 478 313 554
3 313 478 554
3 313 360 554
3 360 313 554
3 313 116 360
3 116 313 360
3 116 532 360
3 532 116 360
3 116 36 532
3 36 116 532
3 36 23 532
3 23 36 532
3 36 403 23
3 403 36 23
3 403 172 23
3 172 403 23
3 403 309 172
3 309 403 172
3 309 184 172
3 184 309 172
3 309 425 184
3 425 309 184
3 425 229 184
3 229 425 184
3 229 536 184
3 536 229 184
3 229 78 536
3 78 229 536
3 78 481 536
3 481 78 536
3 78 544 481
3 544 78 481
3 544 468 481
3 468 544 481
3 544 249 468
3 249 544 468
3 249 327 468
3 327 249 468
3 249 569 327
3 569 249 327
3 569 39 327
3 39 569 327
3 569 447 39
3 447 569 39
3 447 332 39
3 332 447 39
3 447 543 332
3 543 447 332
3 543 79 332
3 79 543 332
3 79 537 332
3 537 79 332
3 79 230 537
3 230 79 537
3 230 24 537
3 24 230 537
3 230 424 24
3 424 230 24
3 424 522 24
3 522 424 24
3 522 444 24
3 444 522 24
3 522 402 444
3 402 522 444
3 402 450 444
3 450 402 444
3 402 35 450
3 35 402 450
3 35 528 450
3 528 35 450
3 35 112 528
3 112 35 528
3 112 16 528
3 16 112 528
3 112 243 16
3 243 112 16
3 243 553 16
3 553 243 16
3 243 404 553
3 404 243 553
3 404 547 553
3 547 404 553
3 404 221 547
3 221 404 547
3 221 302 547
3 302 221 547
3 221 542 302
3 542 221 302
3 269 222 542
3 222 269 542
3 437 26 222
3 26 437 222
3 32 478 26
3 478 32 26
3 459 116 313
3 116 459 313
3 170 36 116
3 36 170 116
3 36 11 403
3 11 36 403
3 176 425 309
3 425 176 309
3 88 229 425
3 229 88 425
3 550 544 78
3 544 550 78
3 102 249 544
3 249 102 544
3 249 192 569
3 192 249 569
3 120 543 447
