OFF
577 1998 0
0.0139571682 -0.1743906804 -0.0371693616
-0.0158633439 0.0224194275 -0.1106857497
0.0709950731 0.2903532075 0.0361755725
-0.0517663634 -0.0333762292 -0.0724100164
-0.0110474496 -0.0295291267 0.0842398569
-0.0676846442 0.0121198845 0.0720145521
-0.1568365506 -0.2546127869 0.0361977249
-0.0233900729 0.0290750708 -0.0906468035
0.0330614605 -0.0134263806 -0.0763851798
-0.0108334244 -0.0391942653 -0.0677210219
-0.0923619738 0.0102953494 0.0731766576
-0.2154828940 0.3305502641 -0.0119241072
0.0191919527 -0.0330390538 0.0738751206
-0.2960676269 -0.4029817624 0.0160614027
0.3458292922 0.3612939429 0.0157515042
-0.0102376663 -0.0920711636 0.0730727731
-0.0901175838 -0.2847066552 0.0361303602
0.2671203901 -0.4098706814 -0.0134445984
0.0424752177 0.2415913962 -0.0242372753
0.3660975962 0.0687243009 0.0261612541
0.0133923576 -0.0275575740 0.0842193513
-0.0068707578 0.1230286420 -0.0484240927
0.0935313519 -0.0163921250 0.0708181618
0.0512220323 -0.0531738422 0.0841784104
0.0705562724 0.0674824871 -0.0531246034
-0.2298404762 -0.2921997450 0.0265608549
0.1001505650 0.3582173227 0.0264841868
0.4811397225 -0.1346527571 0.0154753014
0.2157979111 -0.4505824555 0.0156034045
0.1152182847 0.0421038774 0.0566543327
-0.0262393632 0.0653512969 0.0876199449
0.1224817467 -0.0052296445 0.0566328590
0.1006024504 0.0273818896 0.0641613131
0.0964995977 -0.0757653483 -0.0485773010
0.1551142520 -0.4749171328 0.0156480808
0.4946253911 -0.0706775927 0.0154841698
-0.0411663006 -0.1160466049 -0.0484711594
0.3793535135 0.3254676891 0.0157110103
-0.2549886431 -0.4298129250 0.0160172615
0.0240890325 -0.0140847112 -0.1108098006
0.0451653324 -0.2951185119 0.0360100101
-0.0060538465 0.0683848151 0.0719793044
-0.2236146298 0.2983610018 0.0267450063
-0.0930331349 -0.1385589800 -0.0388428062
-0.3953401394 -0.0341881266 -0.0118856059
-0.0345800142 0.3953515563 -0.0120597757
-0.0289232304 0.0883891660 0.0731468521
0.2065470000 0.2159063031 0.0360344382
0.0189127760 0.0333958579 -0.0677234526
0.4938718683 0.0760113589 -0.0063748504
0.2198023679 0.1056082498 -0.0244342914
0.2407050222 -0.1765841476 0.0358789273
0.0207144818 -0.0330133465 -0.0677463244
-0.1193584058 0.0294236267 -0.0483568421
-0.0376778860 0.0258414541 -0.0929591342
-0.1085504376 0.1386585926 -0.0369629318
0.0555471310 0.1101342035 -0.0484822174
0.4903322881 -0.0053727123 -0.0135078374
0.0900379848 -0.4819838346 -0.0133145811
-0.0425534095 -0.0060623881 0.1009966417
-0.0457011369 -0.0154062754 -0.0904735887
-0.0261094534 -0.0551849008 -0.0724392068
-0.0233555066 -0.0949471414 -0.0531531520
-0.4637812318 0.1300849288 -0.0095963840
0.0774803087 -0.0581512686 -0.0531709134
0.0725194214 0.0624312533 0.0708616332
0.1811889065 0.4659724455 -0.0059792505
0.3506029970 0.3431117660 -0.0132751395
-0.1006984500 -0.0701706665 0.0568050489
0.0043280492 -0.0736217991 -0.0795010985
0.0222878853 -0.0266861412 -0.0763801172
0.0053883606 -0.0322251697 -0.0905229116
-0.0600184879 0.0097411396 -0.0723890408
0.0102085057 0.0361550305 0.0739050979
0.3855727723 -0.3028319998 -0.0135126966
-0.2677563051 -0.1334548138 0.0363325461
-0.0595350467 0.0452448271 -0.0796027542
0.0880983028 0.0289809697 0.0730265715
0.4574158371 0.2013000223 -0.0063031085
-0.2456324911 -0.4139780258 -0.0099596776
-0.4999732246 0.0058724875 0.0163689829
-0.0921025247 0.4915044600 0.0161720689
0.1577768806 -0.0158709485 -0.0407978423
-0.0223161381 0.0720884685 0.0842822169
-0.0334147340 0.0193705979 -0.0676826949
0.0849873151 -0.0395549993 0.0721984104
0.1823740041 -0.4551156600 -0.0133858209
0.4551263921 0.1827672240 -0.0134170050
-0.1013553725 -0.4798087762 -0.0131483437
0.0707043197 0.4949841954 0.0160323713
-0.4752755800 -0.1550877407 0.0162959625
0.2404315486 0.4383131200 -0.0060393675
0.1341704962 -0.1409925884 -0.0346562751
0.1620831089 -0.1077583866 -0.0346697509
0.0506469880 -0.0453852712 0.0718937492
-0.0544850155 -0.0612086840 -0.0673660529
-0.0120628148 -0.0673924730 0.0719409249
0.0643701553 0.0236125785 0.0719040242
0.0454423552 0.0509392133 0.0719291654
-0.0422483928 -0.0534699315 0.0719715012
0.0447722894 0.0170351472 -0.0906685611
-0.0306456378 -0.0189446370 -0.0763318495
-0.1950750057 0.0050322358 -0.0343246395
-0.0386236672 0.1913112996 -0.0344001720
-0.4597551063 0.1967089329 0.0163954452
0.4819945324 0.0904311824 -0.0134698783
-0.0057658814 -0.4903216196 -0.0132343947
-0.2827383459 -0.4124413603 -0.0058599127
-0.3864388767 0.0816048889 -0.0118561418
0.0455521215 -0.1139467403 -0.0485454897
-0.0398468120 -0.0849300881 0.0722918187
0.0567048334 0.0209084802 -0.0724864127
0.4098814516 0.2675136248 -0.0133506732
-0.1926434617 -0.4498837320 -0.0130597829
0.4517508920 0.1987944527 0.0165532014
-0.0279834661 -0.2976377470 0.0360724692
0.4506089826 0.2161567309 0.0156142977
-0.1350114384 -0.4811132622 0.0158970268
-0.0312513566 -0.0136259087 0.0842624357
-0.0371331017 -0.4798218565 -0.0101611443
0.0652452382 -0.1455108257 -0.0407594171
-0.2594151157 0.4278596408 0.0162963540
0.0357144230 -0.0748193159 -0.0649700159
0.0798842265 -0.0222284610 -0.0649913404
0.0585292100 -0.0466960149 -0.0767421642
0.4339969372 0.2082183234 -0.0103478110
-0.0222152134 -0.4991546070 -0.0061130735
0.0431792270 -0.0618289032 -0.0770580239
-0.3089771078 -0.2473945650 -0.0120287298
0.1903402057 0.3471184800 -0.0122697930
0.3427185233 -0.3505921867 -0.0134909595
-0.0001381600 -0.0327457480 -0.0905182987
0.3124982821 -0.3897602922 -0.0063674635
0.4379283086 -0.2404168087 -0.0064280193
0.0893737768 0.1513663020 -0.0371300413
0.0054032215 0.0738140009 -0.0788980130
0.1217918356 -0.0172628158 -0.0485804007
0.0658840069 0.0481043013 -0.0677593582
0.1106287476 -0.3806461873 -0.0124344201
0.0417935968 -0.1151695004 0.0566673631
0.0251427517 0.1205644647 -0.0484525726
-0.0950308937 -0.0220575355 -0.0529641250
-0.4416464604 -0.2112978902 -0.0127678436
0.1318670460 0.4715569835 -0.0130447276
0.1509447102 -0.0893760013 -0.0372605596
-0.0712643981 0.0202893406 -0.0788719114
0.0155535043 -0.0336698210 -0.0763765339
-0.1714617868 -0.0364762134 -0.0372695285
0.0063387528 0.1752223144 -0.0373553680
-0.0699787550 -0.0082229336 0.0876341627
-0.0194126867 0.0306220532 -0.0763256570
-0.0075476399 0.0842327649 -0.0648815512
0.0391753575 -0.0103755919 -0.0677550261
-0.0307846281 -0.0153695321 -0.0906546720
0.0128739569 0.0067972995 -0.1175581225
0.0052784866 0.1227920228 0.0567753177
-0.1199653293 -0.0263297488 0.0568357836
0.3780406999 -0.1192435148 -0.0125818138
0.0704102055 -0.0630913500 0.0708231719
0.0702196273 -0.1003883971 0.0566475209
-0.1056034168 0.2202087212 -0.0241160622
0.0185241802 -0.1213929321 0.0566854919
0.0118094944 -0.0743150260 -0.0770348990
0.0346321589 0.0748795452 -0.0670751760
-0.2770711177 0.1132683564 0.0364197866
0.0672879738 -0.0340585432 -0.0770699632
0.0340346090 0.0677568385 -0.0770085249
0.0742910634 0.0122783524 -0.0770611488
-0.0759853468 0.0364035144 0.0783396001
0.0718108267 0.0223799340 0.0841848513
-0.1966823845 -0.4593966841 0.0159573368
0.4185651737 0.2731489126 0.0156603042
-0.2983286318 -0.2232686363 0.0266422144
-0.0622977286 -0.0432032001 -0.0769608173
-0.0294198869 -0.1192773817 0.0567276385
-0.0094550634 -0.0836074450 -0.0649337685
-0.4278329622 -0.2590566930 0.0162215605
0.0608560102 -0.0423637297 -0.0791038133
-0.0471644649 -0.0585530075 -0.0766545534
0.1077575770 0.1625016187 -0.0345360258
-0.1414110076 -0.1341713986 -0.0344157308
0.0949383609 0.1472423285 -0.0374409792
-0.1285968273 -0.1189102398 -0.0373330597
0.0431520500 -0.4977585448 -0.0061691627
-0.3460035493 -0.1384818775 0.0267106609
0.2589244773 -0.4272380030 -0.0063331548
0.4655876416 -0.1811741398 -0.0064329288
0.0372209165 0.0198407382 0.0738764985
-0.0941124634 0.0791122508 0.0568472639
-0.1752246595 0.0067605860 -0.0372523974
-0.0368980337 0.1714594284 -0.0373191794
-0.4189411280 -0.2352627331 -0.0097524227
-0.4033401752 0.2960942230 0.0163785480
-0.0496157652 0.1127807267 0.0568195836
-0.1195875702 0.0294686730 0.0568533650
-0.4999104194 -0.0104772485 -0.0055430694
0.0195219539 -0.0410635594 -0.0930300800
-0.0429282469 0.0344953020 0.0968829890
-0.1913120684 -0.0382053052 -0.0343417709
0.0046138609 0.1950742501 -0.0344363611
-0.0750241594 -0.0038411835 -0.0769371770
-0.2307838043 0.4436687014 -0.0056300866
-0.4768226986 0.1507220555 -0.0055113026
-0.0744318101 0.0120602592 0.0843080270
0.0158667150 0.1582027545 -0.0406192341
-0.3471070162 0.1907321792 -0.0118551370
-0.0277680483 -0.0687940969 -0.0790356435
0.2171753109 0.4286276157 -0.0100895395
-0.1062598676 0.0630516577 -0.0483573786
0.0480210213 0.0092651208 -0.0880543618
-0.0089455252 -0.0470337471 -0.0906426621
0.0273635488 0.0419795158 -0.0880259954
-0.1592973897 -0.0084186590 -0.0405212077
-0.0438876720 -0.0546431420 0.0875966978
-0.0005227522 -0.0117978506 -0.1179639065
0.0303434530 0.0137474852 -0.0906981978
-0.2406250160 0.4277950185 -0.0127365981
-0.4628905873 0.1631541218 -0.0126292915
-0.0790137187 -0.0495098778 0.0709567700
-0.0552277600 0.0637500461 0.0783304232
-0.3901443857 -0.3124840533 -0.0057349348
0.4298390460 -0.2546297440 0.0154811664
0.3251088538 -0.3793269330 0.0155317286
0.0470022015 -0.0084607145 -0.0906786725
-0.0616660896 0.0544663002 -0.0673227168
0.0720452312 -0.0148974100 -0.0791046759
-0.0447578864 0.0022016999 -0.0929605976
0.0110627103 -0.0602410499 -0.0724729804
-0.0138944497 -0.0330850641 -0.0763508762
-0.0262149010 0.4809399780 -0.0098622380
-0.4914777144 -0.0917440657 0.0163303057
0.0055139994 0.5000000000 0.0160903653
0.0611088911 0.0345893336 0.0875345231
0.0757569290 0.0969346493 -0.0485039335
-0.0823635325 -0.0913317588 -0.0484275952
-0.0332305882 0.0001068615 -0.0904791327
0.0798151693 0.0667001318 0.0641919113
0.0597218458 -0.0144879762 -0.0725003824
-0.1386608156 -0.1081289928 -0.0370160936
-0.0356863758 0.0588500866 0.0720018740
0.0690506120 0.0107737230 0.0875200107
0.0744247506 0.0390410512 -0.0649669544
-0.1707275509 0.1746526458 -0.0240743562
0.3784103383 -0.2972043106 -0.0104619450
0.4980583016 0.0435529474 0.0155178621
-0.3829375820 0.3216646206 -0.0055376426
0.1189077624 -0.1281749560 -0.0375501040
0.1468203751 -0.0949407542 -0.0375635798
0.0144456041 -0.1219042366 -0.0485211391
-0.1870438956 0.2332702535 0.0363804344
-0.4301713406 0.2550152186 0.0163885707
-0.0464033340 0.1702033037 -0.0370065598
-0.1664637666 -0.0568787313 -0.0369755979
-0.1507074434 -0.4764382908 -0.0059946478
-0.0481231596 0.0663418400 -0.0676548983
0.0329897622 -0.0104741906 0.0842078840
-0.0503903972 0.0082465385 -0.0888044850
0.0117826512 0.0744956061 0.0842534968
0.0348994043 -0.0355021646 0.0983119393
0.4716192318 -0.0832132865 -0.0104738840
-0.1173818502 -0.0380780379 -0.0483802159
0.4991691357 -0.0218304786 -0.0064108338
0.1077777248 -0.4878413562 -0.0062218757
-0.4699584654 -0.1705419820 -0.0056203470
0.2553365286 0.1550589802 0.0359727108
-0.0703982205 -0.0758630658 0.0642760787
0.0812129615 0.3864503229 -0.0121627837
0.0329944495 0.0211723228 -0.0677395551
-0.0209543902 -0.0218339624 -0.1089241210
-0.0130052970 0.0513044341 0.0976341304
0.3609351054 -0.3458026909 0.0155115013
-0.0606346617 0.1076520628 -0.0483825264
-0.1578526751 -0.1875029756 -0.0242017232
-0.3216499272 -0.3825531914 -0.0058166650
0.3212800198 0.3829524906 -0.0061270623
-0.0435517520 -0.3940644750 -0.0123053733
-0.0334711667 -0.0207333899 -0.0676955172
0.3661887068 0.1471058667 -0.0124860799
0.0373332190 0.0170775649 -0.0996590869
0.0735392655 -0.0982099315 -0.0485646456
-0.0392246996 -0.0233923761 -0.0929735976
-0.0872058371 -0.4920069530 -0.0060545681
-0.1081476322 0.4882406554 -0.0057218516
-0.0176978433 -0.1218003013 -0.0484933043
0.4372805441 -0.2217506387 -0.0135313970
0.0394948996 0.0725603514 -0.0649259852
0.0153381377 -0.0302995830 -0.0906993561
0.0906200963 0.0298309037 0.0708355147
-0.0119965073 -0.0741542126 0.0842263557
-0.0332036183 0.0108155841 0.0842719685
-0.0526984210 0.0465945481 0.0876368099
0.0476464424 -0.0659029071 -0.0677801740
-0.4436539265 -0.2303993985 -0.0056623091
0.0341804517 0.0654301609 -0.0789255936
0.0402920477 0.0302940712 0.0987871439
-0.0621733086 -0.0321138307 0.0876197440
-0.1230370258 -0.0064357948 -0.0483651693
-0.1472446581 0.0953602304 -0.0372481623
-0.1193320454 0.1285944322 -0.0372616381
0.3825676746 -0.3212653214 -0.0064060847
-0.0279710986 0.0685288193 -0.0788708432
0.2010821932 -0.1376216530 -0.0244961629
0.3124968032 -0.1991933642 0.0261216280
-0.0016058891 0.0701164640 0.0876001683
0.0638202618 -0.0247232084 0.0718889867
0.0385639371 -0.0570202064 0.0875246212
0.0211378555 0.0231262075 -0.1074792076
0.0326318673 0.0053666079 0.1040906373
-0.0300936337 0.0175425806 0.1040981420
0.0327144480 0.0003467000 -0.0905360926
-0.4001477823 -0.2995646075 0.0161846144
-0.0404520200 -0.0729821483 -0.0649035486
-0.0698860678 0.0662798997 -0.0530035185
0.0232235990 0.0664083034 0.0875775028
-0.0058460118 -0.4996147624 0.0157793715
0.4911457020 0.0921293033 0.0155394311
-0.4923913734 0.0872204244 -0.0055182174
-0.1709263999 0.4699732654 -0.0056734160
-0.2943800157 0.3927539348 -0.0127013507
0.0134027964 0.0335295393 -0.0763531065
0.0259514699 0.0997195620 0.0642490963
0.0964948653 0.0044549409 -0.0531212698
-0.1504898369 0.0531163555 -0.0405090763
0.4778188741 0.0576138114 -0.0104340487
0.0649485896 -0.0239290243 0.0875124210
0.1214417079 0.0188344551 0.0566414818
-0.0177435661 0.0418882370 -0.0929712256
-0.3360088525 0.3437416731 -0.0096383248
-0.2925457353 0.2298728049 0.0267826452
-0.0790634416 -0.0938022806 0.0567787521
0.0788024195 0.0941609869 0.0567025367
0.0449397978 0.0538007447 0.0875546738
-0.4213059043 0.2497554056 -0.0126374647
-0.1388278851 0.3460359582 0.0266869738
-0.0167569147 -0.0677824357 0.0875690150
0.0835331066 -0.2301789269 -0.0244241983
0.2411849948 -0.0424704265 -0.0245003103
-0.0736243563 -0.0086185632 -0.0788561168
-0.0278753780 -0.0415275539 -0.0880050193
-0.0485328506 -0.0088131590 -0.0879766529
0.3028428375 0.3859660155 -0.0132200772
0.3842471834 0.2883078617 -0.0102790774
0.2474056985 -0.3085851303 -0.0125295933
0.3467263068 -0.1903288717 -0.0125775438
0.0159695557 0.0398232831 0.1017816717
0.1113166479 -0.0518515071 0.0566275529
-0.0082082519 0.0063165460 -0.1181683665
0.0742179541 -0.0117188657 0.0841718255
0.0400119116 -0.0097902078 0.0738645747
-0.1226701315 0.1030576752 -0.0405171097
-0.0946158912 0.0137098651 0.0709905545
-0.0050331082 -0.1946566425 -0.0345530987
0.1908928211 0.0386229128 -0.0346476889
0.1193261449 -0.0291096281 0.0566279242
0.0619104540 -0.0537361383 -0.0671400478
-0.1597722236 -0.4529326279 -0.0100464418
0.0364737506 -0.1710399522 -0.0374925627
0.1748003765 -0.0063411097 -0.0375593448
0.0938506996 -0.0787536090 0.0566340255
-0.0374526546 -0.0194927092 0.0739284611
-0.0769979006 -0.3644134235 0.0264054823
-0.0748980508 0.0350892053 -0.0669932120
0.1409917604 0.1345890062 -0.0345737290
-0.1081768242 -0.1620840110 -0.0344534340
0.1281725443 0.1193297161 -0.0374786824
-0.0953626439 -0.1468228523 -0.0373707629
-0.1006788260 -0.0256818442 0.0643183742
0.0466722506 0.0589976908 -0.0766979873
0.2729224868 -0.1219032717 0.0358686113
-0.0812090375 -0.0233429622 -0.0648523659
-0.1127318943 -0.0493055773 0.0568221534
0.0291584616 0.1196364267 0.0567536508
0.0618049534 0.0436480916 -0.0770402815
0.0580348474 -0.0729304822 0.0722110104
0.1963503721 0.4597819216 0.0159124000
-0.0720246827 -0.0220385404 0.0842950012
-0.1827564524 0.4555197261 -0.0127777515
-0.4802016280 0.1013661002 -0.0126341493
-0.0587929930 -0.0353942073 0.0719916122
0.0247803027 0.0641124855 0.0719512642
0.0374815843 0.0753376189 0.0782539562
-0.0345273842 -0.0673119470 -0.0769925739
-0.3653102740 0.3278170900 -0.0126608429
0.0195679357 0.0935846787 0.0709174303
-0.0677807490 0.0345034347 -0.0769311355
-0.2427355887 0.0109396314 -0.0240646178
-0.0351077541 -0.0744410287 -0.0670627802
-0.0177343720 -0.1590868577 -0.0406920038
0.0982014986 0.0739743159 -0.0485307151
-0.0123022697 0.0747599175 -0.0769661998
-0.0386133817 -0.0374863168 0.0977952785
-0.1179962156 0.2743852026 0.0363339094
-0.2938114764 0.0570710031 0.0364162295
-0.0055399119 -0.1224329779 0.0567059715
-0.0396520747 0.0108145247 -0.0676800462
0.1531443451 -0.1910368302 -0.0244718438
0.0037004830 -0.0701044005 0.0875505759
-0.0067630358 -0.1748028382 -0.0374563741
0.1710375037 0.0368956897 -0.0375422136
-0.0209759152 -0.0406027565 -0.0929949048
-0.0174517751 0.0451024708 -0.0904786022
0.3086028123 0.3932580561 0.0157939606
-0.3339819344 -0.3718366125 0.0161041912
0.4792651886 -0.1173549882 0.0164279379
-0.0189266076 -0.2427620086 -0.0243396176
0.1178017033 0.2150631909 -0.0243109405
0.1139382946 0.0459871673 -0.0485533084
-0.0663607241 -0.0476653684 -0.0676757141
-0.0385129923 0.1173734558 -0.0483985398
-0.2218405727 0.1036810693 -0.0240529255
-0.4143672505 0.2456449388 -0.0096020348
-0.1907209150 -0.3467151726 -0.0121628878
0.3085963985 0.2477978725 -0.0124039510
0.1316943920 0.1167079206 -0.0371777685
-0.4666120791 -0.1191125189 -0.0096739137
0.2418046206 -0.2821234720 0.0261561550
0.0310375006 0.0139673022 0.0842174168
-0.0436720022 0.0622737947 -0.0769430749
0.0218453060 0.4995539062 -0.0058306538
-0.4882258321 -0.1077631992 -0.0055843989
0.1296955892 0.4637939008 -0.0100025905
-0.0590214243 0.0471406983 -0.0766103765
0.0069677595 0.0477458087 -0.0906260069
0.1346794598 0.4814985401 0.0159727100
-0.4509409612 -0.2157714530 0.0162554390
-0.2886862126 -0.0786796142 0.0363682284
-0.0373289074 -0.0868484183 0.0709087326
0.0670689686 -0.0775740028 0.0646806641
-0.0402428435 0.0101375597 0.0739403840
-0.0824190718 0.0489469975 0.0709913144
0.0372958849 -0.0628571680 -0.0790900130
-0.4382981354 0.2408160402 -0.0055157081
-0.3128684475 0.3901591206 -0.0055762638
0.2879182356 -0.3842347440 -0.0104116087
0.4282379908 -0.2171627786 -0.0104793530
0.4594230938 -0.1963236953 0.0154742916
0.2727900833 -0.4185386204 0.0155643953
-0.1036763595 -0.2214343613 -0.0242594712
0.0382044200 -0.1908936919 -0.0345892878
0.1946557585 -0.0046146282 -0.0346648203
0.0301539845 0.0193891122 -0.0763721332
0.0053836750 0.4907254825 -0.0129291780
-0.4823767389 -0.0900273194 -0.0126936944
0.0029014957 0.0301845010 -0.1089674756
0.1992257225 0.3128431078 0.0263839325
0.0600601923 0.0431446097 -0.0790756817
0.0436087093 -0.0068167705 -0.0930399218
-0.2999230248 0.4001744407 0.0163225046
0.2217615169 0.4376737815 -0.0131333534
-0.3927430615 -0.2939871849 -0.0128366795
0.2821557839 0.2421509254 0.0262895168
0.0642027622 -0.0539019857 -0.0649879427
-0.2332326243 -0.1867093607 0.0362855943
0.1436716110 0.2620523358 0.0361036304
-0.1625023562 0.1081759942 -0.0343197089
-0.1345897435 0.1414101960 -0.0343331847
0.3897749491 0.3128830946 -0.0062087930
-0.2408013883 -0.4379137402 -0.0059043599
0.4749436353 0.1554730589 0.0155737743
-0.0710362645 -0.4945988772 0.0158373654
-0.0641013907 -0.0722863028 -0.0530529936
-0.0148362572 -0.0418109288 0.1010031089
0.0540088593 0.0616474087 -0.0674204613
-0.0537620987 0.0423054761 0.0720121981
0.0547833043 -0.0029754042 0.0966694818
-0.2988415608 -0.0061951767 0.0364002753
-0.1113394935 0.0520988576 0.0568534941
-0.0704808510 0.1007472728 0.0568337681
-0.3420292390 0.1463706114 0.0267986448
-0.0534514640 -0.0511582949 0.0842695912
0.0572242338 -0.4778065289 -0.0102421088
0.0165503289 -0.0448038271 -0.0906639982
0.0329380168 -0.0189316651 -0.0677523774
0.0221022820 -0.0717470750 0.0841976356
0.0965849217 -0.0357374584 0.0641445302
0.1469708711 0.0606390518 -0.0407639406
0.0321700760 0.0319203036 -0.0930175959
0.1188410826 0.4856610315 -0.0059190059
0.0096099931 -0.0479790133 -0.0880395116
0.0917705122 -0.4911192224 0.0156976679
0.4996412122 -0.0054872499 0.0155007539
-0.0566246892 0.0618299955 -0.0648462936
-0.3687519374 0.0407266177 0.0267878521
-0.0604203877 -0.0422279440 -0.0796300622
-0.0883314401 -0.0286324215 0.0731606780
0.1096991533 -0.0555555400 -0.0485822313
0.3213414567 0.3585382377 -0.0102021292
-0.0104402438 -0.0358070015 0.0738998617
-0.0059048394 0.0326783281 -0.0904923136
0.0218461235 -0.0205950563 0.1047892226
-0.0732222767 -0.0579776210 0.0723293359
-0.0803558938 0.0226654256 -0.0648383377
0.0082662723 0.0442991767 -0.0929929482
0.0634653275 0.0552883125 0.0782250478
0.4272526329 0.2593092829 -0.0062584022
0.1004371941 0.0705299130 0.0566762402
-0.0520500618 -0.1110293087 0.0567498588
-0.0356454466 0.0887794728 0.0709636430
-0.0435218929 0.4981571024 -0.0057745649
-0.0032647451 -0.0295639643 0.1046224643
0.2078287094 -0.4339845360 -0.0103583047
0.0313300145 -0.0888496697 -0.0538746895
-0.0904201912 0.4823876976 -0.0128489916
-0.4907144945 0.0057765753 -0.0126557353
-0.0419388934 0.0457566589 -0.0723931192
0.0420887242 0.0879314459 -0.0530934184
-0.3025759655 -0.3847369403 -0.0129437920
-0.0211911989 0.0334522794 -0.0676887478
-0.2410022455 0.1769562116 0.0364090302
-0.2202039416 -0.1051972003 -0.0241213791
0.1742463252 0.1707323923 -0.0243739880
0.4711637601 -0.1318561295 -0.0135318521
-0.0193894931 -0.0329569250 -0.0677116197
-0.4128257521 0.2827530184 -0.0055242802
0.0742919722 -0.0331018104 -0.0677926929
0.0286900931 -0.0880406178 0.0730403974
-0.0016439247 0.0337448856 -0.0904956566
0.3949594301 0.0345914341 -0.0125470749
-0.0660695899 0.0228021270 0.0876407389
-0.0092950382 0.0485029299 -0.0879921951
0.1547241995 -0.2552989622 0.0359280306
-0.1076604664 -0.0601997118 -0.0483957239
-0.0917667057 0.0823551120 -0.0483637187
0.2546563937 0.4301978804 0.0158524754
-0.0630600884 -0.1058249200 -0.0484489426
0.1162863282 -0.1316966398 -0.0372441655
-0.1227431719 0.0055886894 0.0568484302
-0.0266399421 0.1200141705 0.0568020330
0.3351601483 0.1608382761 0.0262175757
-0.1195017774 0.4666246799 -0.0097861470
-0.4802111179 0.0371454638 -0.0096120018
0.0418920019 -0.0442852870 -0.0724945243
-0.1463383233 -0.3416832414 0.0264727511
-0.0124776984 0.0602740083 -0.0724139414
0.1218957798 0.0148806419 -0.0485701744
-0.0136062137 0.0278989676 0.0842605012
-0.3664114088 -0.0683458167 0.0267508217
0.0040770291 0.3727768991 0.0265719552
0.0709086916 0.0177894950 -0.0789726504
0.4852762386 -0.1188262903 -0.0064299477
0.2009152271 -0.4574012330 -0.0062926623
0.3928992186 -0.3085761902 0.0154958026
-0.2161298832 0.4509676592 0.0162663322
-0.4814716946 0.1350379608 0.0163944354
-0.0291411603 0.0032266759 -0.1094235798
0.1604919828 -0.3351278761 0.0262094723
0.3578710310 -0.1001181622 0.0261141806
0.0157263104 -0.0927864785 0.0708609384
-0.2356519673 0.4189536812 -0.0097009864
-0.4949573230 0.0710627625 0.0163855669
-0.1554461838 0.4753023027 0.0162216559
0.0100045290 0.0924197118 0.0731144764
0.3724306294 -0.0040445912 0.0261324219
0.0683780287 -0.3660653595 0.0262792140
-0.0194236909 0.0333870828 0.0739298389
0.0519003311 0.1116269334 0.0567314104
-0.0913028445 0.0236942870 -0.0545816295
0.0290912394 0.0013799805 -0.1101536301
0.0009515264 -0.0301523185 -0.1089457375
0.2879876922 0.0764209326 0.0359192319
0.0321938715 0.0058732223 -0.0905338687
0.0921288365 -0.0099468012 0.0730105919
-0.0373804587 0.2424993798 -0.0241679154
-0.0335531138 0.0138708558 -0.0763188029
0.0103567072 0.0396331982 -0.0677140504
0.0221553772 0.0577570153 -0.0724447040
0.0233203568 -0.0643130851 0.0719113097
0.0108335935 0.0298705202 0.0842399956
0.2434830351 0.0214132628 -0.0244817949
-0.3721950248 0.3340085514 0.0163637784
-0.0016478338 0.2993039464 0.0362412753
0.2951759254 -0.0371971542 0.0358765498
-0.0335560732 -0.0041302281 -0.0904802110
0.4797504077 0.1398515475 -0.0063421475
-0.0034234052 0.0074160561 0.1073178878
-0.3437291721 -0.3356196297 -0.0098496836
-0.0152306533 0.0963012728 -0.0531180141
3 574 489 307
3 489 574 307
3 574 499 489
3 499 574 489
3 499 574 59
3 574 499 59
3 574 308 59
3 308 574 59
3 574 307 344
3 307 574 344
3 574 344 308
3 344 574 308
3 499 59 461
3 59 499 461
3 307 489 258
3 489 307 258
3 489 499 258
3 499 489 258
3 308 344 269
3 344 308 269
3 344 307 294
3 307 344 294
3 461 59 390
3 59 461 390
3 308 197 59
3 197 308 59
3 307 258 464
3 258 307 464
3 499 396 258
3 396 499 258
3 499 461 396
3 461 499 396
3 308 269 197
3 269 308 197
3 269 344 313
3 344 269 313
3 307 464 294
3 464 307 294
3 461 390 334
3 390 461 334
3 59 197 518
3 197 59 518
3 344 294 313
3 294 344 313
3 294 331 313
3 331 294 313
3 464 258 324
3 258 464 324
3 258 396 305
3 396 258 305
3 396 461 334
3 461 396 334
3 390 59 149
3 59 390 149
3 197 269 30
3 269 197 30
3 269 303 30
3 303 269 30
3 294 232 331
3 232 294 331
3 294 240 232
3 240 294 232
3 294 464 240
3 464 294 240
3 324 258 305
3 258 324 305
3 334 390 213
3 390 334 213
3 59 518 149
3 518 59 149
3 197 290 518
3 290 197 518
3 197 30 290
3 30 197 290
3 269 313 303
3 313 269 303
3 464 324 240
3 324 464 240
3 390 295 213
3 295 390 213
3 390 149 295
3 149 390 295
3 324 305 94
3 305 324 94
3 305 566 94
3 566 305 94
3 305 396 566
3 396 305 566
3 396 96 566
3 96 396 566
3 396 334 96
3 334 396 96
3 334 99 96
3 99 334 96
3 334 213 99
3 213 334 99
3 213 295 99
3 295 213 99
3 295 378 99
3 378 295 99
3 295 5 378
3 5 295 378
3 295 149 5
3 149 295 5
3 149 518 5
3 518 149 5
3 518 463 5
3 463 518 5
3 518 290 463
3 290 518 463
3 290 239 463
3 239 290 463
3 290 30 239
3 30 290 239
3 30 41 239
3 41 30 239
3 30 303 41
3 303 30 41
3 303 379 41
3 379 303 41
3 303 313 379
3 313 303 379
3 313 331 379
3 331 313 379
3 331 98 379
3 98 331 379
3 331 232 98
3 232 331 98
3 232 97 98
3 97 232 98
3 232 240 97
3 240 232 97
3 240 324 97
3 324 240 97
3 324 304 97
3 304 324 97
3 324 94 304
3 94 324 304
3 94 566 158
3 566 94 158
3 566 547 158
3 547 566 158
3 566 96 547
3 96 566 547
3 96 426 547
3 426 96 547
3 96 99 426
3 99 96 426
3 99 218 426
3 218 99 426
3 99 378 218
3 378 99 218
3 378 5 218
3 5 378 218
3 5 350 218
3 350 5 218
3 5 429 350
3 429 5 350
3 5 463 429
3 463 5 429
3 463 239 429
3 239 463 429
3 239 497 429
3 497 239 429
3 239 41 497
3 41 239 497
3 41 383 497
3 383 41 497
3 41 379 383
3 379 41 383
3 379 65 383
3 65 379 383
3 379 98 65
3 98 379 65
3 98 97 65
3 97 98 65
3 97 287 65
3 287 97 65
3 97 22 287
3 22 97 287
3 97 304 22
3 304 97 22
3 304 158 22
3 158 304 22
3 304 94 158
3 94 304 158
3 158 427 474
3 427 158 474
3 158 547 427
3 547 158 427
3 426 218 265
3 218 426 265
3 218 366 265
3 366 218 265
3 218 350 366
3 350 218 366
3 429 188 350
3 188 429 350
3 383 193 497
3 193 383 497
3 383 320 193
3 320 383 193
3 383 65 320
3 65 383 320
3 65 287 236
3 287 65 236
3 287 32 236
3 32 287 236
3 287 22 32
3 22 287 32
3 22 474 32
3 474 22 32
3 22 158 474
3 158 22 474
3 429 497 188
3 497 429 188
3 65 236 320
3 236 65 320
3 474 427 358
3 427 474 358
3 427 159 358
3 159 427 358
3 427 547 159
3 547 427 159
3 547 139 159
3 139 547 159
3 547 161 139
3 161 547 139
3 547 393 161
3 393 547 161
3 547 426 393
3 426 547 393
3 426 174 393
3 174 426 393
3 426 496 174
3 496 426 174
3 426 265 496
3 265 426 496
3 265 329 496
3 329 265 496
3 265 68 329
3 68 265 329
3 265 366 68
3 366 265 68
3 366 370 68
3 370 366 68
3 366 156 370
3 156 366 370
3 366 526 156
3 526 366 156
3 366 350 526
3 350 366 526
3 350 194 526
3 194 350 526
3 350 466 194
3 466 350 194
3 350 188 466
3 188 350 466
3 497 467 188
3 467 497 188
3 497 193 467
3 193 497 467
3 193 320 527
3 320 193 527
3 320 155 527
3 155 320 527
3 320 371 155
3 371 320 155
3 320 555 371
3 555 320 371
3 320 330 555
3 330 320 555
3 320 236 330
3 236 320 330
3 236 495 330
3 495 236 330
3 236 32 495
3 32 236 495
3 32 29 495
3 29 32 495
3 32 325 29
3 325 32 29
3 32 31 325
3 31 32 325
3 32 474 31
3 474 32 31
3 474 353 31
3 353 474 31
3 474 345 353
3 345 474 353
3 474 358 345
3 358 474 345
3 358 279 33
3 279 358 33
3 358 159 279
3 159 358 279
3 159 109 279
3 109 159 279
3 159 139 109
3 139 159 109
3 139 248 109
3 248 139 109
3 139 161 248
3 161 139 248
3 161 393 248
3 393 161 248
3 393 283 248
3 283 393 248
3 393 174 283
3 174 393 283
3 174 36 283
3 36 174 283
3 174 496 36
3 496 174 36
3 496 524 36
3 524 496 36
3 496 329 524
3 329 496 524
3 329 234 524
3 234 329 524
3 329 68 234
3 68 329 234
3 68 521 234
3 521 68 234
3 68 370 521
3 370 68 521
3 370 260 521
3 260 370 521
3 370 156 260
3 156 370 260
3 156 296 260
3 296 156 260
3 156 526 296
3 526 156 296
3 526 53 296
3 53 526 296
3 526 194 53
3 194 526 53
3 194 466 53
3 466 194 53
3 466 208 53
3 208 466 53
3 466 188 208
3 188 466 208
3 188 522 208
3 522 188 208
3 188 467 522
3 467 188 522
3 467 271 522
3 271 467 522
3 467 193 271
3 193 467 271
3 193 408 271
3 408 193 271
3 193 527 408
3 527 193 408
3 527 21 408
3 21 527 408
3 527 155 21
3 155 527 21
3 155 140 21
3 140 155 21
3 155 371 140
3 371 155 140
3 371 56 140
3 56 371 140
3 371 555 56
3 555 371 56
3 555 233 56
3 233 555 56
3 555 330 233
3 330 555 233
3 330 388 233
3 388 330 233
3 330 495 388
3 495 330 388
3 495 406 388
3 406 495 388
3 495 29 406
3 29 495 406
3 29 534 406
3 534 29 406
3 29 325 534
3 325 29 534
3 325 31 534
3 31 325 534
3 31 136 534
3 136 31 534
3 31 353 136
3 353 31 136
3 353 485 136
3 485 353 136
3 353 345 485
3 345 353 485
3 345 33 485
3 33 345 485
3 345 358 33
3 358 345 33
3 33 501 64
3 501 33 64
3 33 279 501
3 279 33 501
3 279 109 501
3 109 279 501
3 248 62 109
3 62 248 109
3 248 283 62
3 283 248 62
3 283 36 62
3 36 283 62
3 36 524 62
3 524 36 62
3 524 234 62
3 234 524 62
3 234 460 62
3 460 234 62
3 234 521 460
3 521 234 460
3 521 141 460
3 141 521 460
3 521 260 141
3 260 521 141
3 260 296 141
3 296 260 141
3 53 312 296
3 312 53 296
3 53 208 312
3 208 53 312
3 208 522 312
3 522 208 312
3 522 271 312
3 271 522 312
3 271 408 312
3 408 271 312
3 408 576 312
3 576 408 312
3 408 21 576
3 21 408 576
3 21 140 576
3 140 21 576
3 140 505 576
3 505 140 576
3 140 56 505
3 56 140 505
3 56 24 505
3 24 56 505
3 56 233 24
3 233 56 24
3 233 388 24
3 388 233 24
3 388 321 24
3 321 388 24
3 388 406 321
3 406 388 321
3 406 534 321
3 534 406 321
3 534 136 321
3 136 534 321
3 136 485 321
3 485 136 321
3 485 64 321
3 64 485 321
3 485 33 64
3 33 485 64
3 109 62 501
3 62 109 501
3 141 296 556
3 296 141 556
3 296 312 556
3 312 296 556
3 64 501 451
3 501 64 451
3 501 122 451
3 122 501 451
3 501 175 122
3 175 501 122
3 501 62 175
3 62 501 175
3 62 311 175
3 311 62 175
3 62 460 311
3 460 62 311
3 460 369 311
3 369 460 311
3 460 141 369
3 141 460 369
3 141 491 369
3 491 141 369
3 141 556 491
3 556 141 491
3 556 312 491
3 312 556 491
3 312 481 491
3 481 312 491
3 312 576 481
3 576 312 481
3 576 151 481
3 151 576 481
3 576 505 151
3 505 576 151
3 505 285 151
3 285 505 151
3 505 24 285
3 24 505 285
3 24 241 285
3 241 24 285
3 24 321 241
3 321 24 241
3 321 123 241
3 123 321 241
3 321 64 123
3 64 321 123
3 64 451 123
3 451 64 123
3 451 122 531
3 122 451 531
3 122 227 531
3 227 122 531
3 122 175 227
3 175 122 227
3 175 61 227
3 61 175 227
3 175 311 61
3 311 175 61
3 311 3 61
3 3 311 61
3 311 369 3
3 369 311 3
3 369 72 3
3 72 369 3
3 369 491 72
3 491 369 72
3 491 481 72
3 481 491 72
3 481 504 72
3 504 481 72
3 481 533 504
3 533 481 504
3 481 151 533
3 151 481 533
3 151 565 533
3 565 151 533
3 151 285 565
3 285 151 565
3 285 111 565
3 111 285 565
3 285 241 111
3 241 285 111
3 241 123 111
3 123 241 111
3 123 237 111
3 237 123 111
3 123 531 237
3 531 123 237
3 123 451 531
3 451 123 531
3 531 227 430
3 227 531 430
3 227 69 430
3 69 227 430
3 227 61 69
3 61 227 69
3 61 206 69
3 206 61 69
3 61 3 206
3 3 61 206
3 72 337 3
3 337 72 3
3 72 145 337
3 145 72 337
3 72 504 145
3 504 72 145
3 504 533 300
3 533 504 300
3 533 135 300
3 135 533 300
3 533 565 135
3 565 533 135
3 565 293 135
3 293 565 135
3 565 445 293
3 445 565 293
3 565 111 445
3 111 565 445
3 111 538 445
3 538 111 445
3 111 237 538
3 237 111 538
3 237 225 538
3 225 237 538
3 237 531 225
3 531 237 225
3 531 177 225
3 177 531 225
3 531 430 177
3 430 531 177
3 3 483 206
3 483 3 206
3 3 337 483
3 337 3 483
3 504 76 145
3 76 504 145
3 504 300 76
3 300 504 76
3 430 69 478
3 69 430 478
3 69 206 478
3 206 69 478
3 206 338 478
3 338 206 478
3 206 483 338
3 483 206 338
3 483 339 338
3 339 483 338
3 483 337 339
3 337 483 339
3 337 145 339
3 145 337 339
3 145 76 339
3 76 145 339
3 76 300 519
3 300 76 519
3 300 135 519
3 135 300 519
3 135 293 519
3 293 135 519
3 293 211 519
3 211 293 519
3 293 445 211
3 445 293 211
3 445 209 211
3 209 445 211
3 445 538 209
3 538 445 209
3 538 225 209
3 225 538 209
3 225 177 209
3 177 225 209
3 430 478 177
3 478 430 177
3 478 153 286
3 153 478 286
3 478 338 153
3 338 478 153
3 338 339 153
3 339 338 153
3 339 7 153
3 7 339 153
3 339 76 7
3 76 339 7
3 76 519 7
3 519 76 7
3 519 215 7
3 215 519 7
3 519 211 215
3 211 519 215
3 211 209 215
3 209 211 215
3 209 286 215
3 286 209 215
3 209 177 286
3 177 209 286
3 177 478 286
3 478 177 286
3 286 399 196
3 399 286 196
3 286 153 399
3 153 286 399
3 153 280 399
3 280 153 399
3 153 226 280
3 226 153 280
3 153 7 226
3 7 153 226
3 7 54 226
3 54 7 226
3 7 326 54
3 326 7 54
3 7 492 326
3 492 7 326
3 7 215 492
3 215 7 492
3 215 476 492
3 476 215 492
3 215 446 476
3 446 215 476
3 215 286 446
3 286 215 446
3 286 196 446
3 196 286 446
3 476 446 278
3 446 476 278
3 399 280 268
3 280 399 268
3 226 54 544
3 54 226 544
3 492 443 326
3 443 492 326
3 492 306 443
3 306 492 443
3 492 476 306
3 476 492 306
3 476 278 306
3 278 476 306
3 196 399 558
3 399 196 558
3 558 399 268
3 399 558 268
3 226 544 280
3 544 226 280
3 326 1 54
3 1 326 54
3 326 443 1
3 443 326 1
3 278 446 557
3 446 278 557
3 446 39 557
3 39 446 557
3 446 196 39
3 196 446 39
3 280 544 268
3 544 280 268
3 54 1 544
3 1 54 544
3 278 557 306
3 557 278 306
3 196 558 39
3 558 196 39
3 558 268 214
3 268 558 214
3 268 346 214
3 346 268 214
3 268 544 346
3 544 268 346
3 544 1 346
3 1 544 346
3 1 443 346
3 443 1 346
3 443 154 346
3 154 443 346
3 443 306 154
3 306 443 154
3 306 557 154
3 557 306 154
3 557 39 154
3 39 557 154
3 39 558 214
3 558 39 214
3 39 214 154
3 214 39 154
3 154 214 346
3 214 154 346
3 131 572 210
3 572 131 210
3 572 60 210
3 60 572 210
3 235 488 256
3 488 235 256
3 488 400 256
3 400 488 256
3 516 560 422
3 560 516 422
3 560 100 422
3 100 560 422
3 309 71 223
3 71 309 223
3 71 471 223
3 471 71 223
3 471 71 309
3 71 471 309
3 210 60 131
3 60 210 131
3 60 572 131
3 572 60 131
3 256 488 235
3 488 256 235
3 256 400 488
3 400 256 488
3 422 560 516
3 560 422 516
3 422 100 560
3 100 422 560
3 223 471 309
3 471 223 309
3 52 291 354
3 291 52 354
3 9 512 386
3 512 9 386
3 512 95 386
3 95 512 386
3 276 407 95
3 407 276 95
3 394 84 361
3 84 394 361
3 84 224 361
3 224 84 361
3 507 254 224
3 254 507 224
3 564 48 163
3 48 564 163
3 48 462 163
3 462 48 163
3 267 137 462
3 137 267 462
3 152 354 514
3 354 152 514
3 152 472 354
3 472 152 354
3 124 70 354
3 70 124 354
3 70 52 354
3 52 70 354
3 70 146 52
3 146 70 52
3 146 291 52
3 291 146 52
3 146 127 291
3 127 146 291
3 127 162 291
3 162 127 291
3 162 381 386
3 381 162 386
3 381 9 386
3 9 381 386
3 381 228 9
3 228 381 9
3 228 512 9
3 512 228 9
3 228 178 512
3 178 228 512
3 178 95 512
3 95 178 512
3 178 101 95
3 101 178 95
3 101 276 95
3 276 101 95
3 101 407 276
3 407 101 276
3 101 173 407
3 173 101 407
3 173 200 407
3 200 173 407
3 384 361 200
3 361 384 200
3 384 394 361
3 394 384 361
3 384 563 394
3 563 384 394
3 563 84 394
3 84 563 394
3 563 421 84
3 421 563 84
3 421 224 84
3 224 421 84
3 421 150 224
3 150 421 224
3 150 507 224
3 507 150 224
3 150 254 507
3 254 150 507
3 150 417 254
3 417 150 254
3 417 389 254
3 389 417 254
3 166 163 389
3 163 166 389
3 166 564 163
3 564 166 163
3 166 319 564
3 319 166 564
3 319 48 564
3 48 319 564
3 319 367 48
3 367 319 48
3 367 462 48
3 462 367 48
3 367 440 462
3 440 367 462
3 440 267 462
3 267 440 462
3 440 137 267
3 137 440 267
3 440 372 137
3 372 440 137
3 372 167 137
3 167 372 137
3 165 514 167
3 514 165 167
3 165 152 514
3 152 165 514
3 165 8 152
3 8 165 152
3 8 472 152
3 472 8 152
3 8 124 472
3 124 8 472
3 124 354 472
3 354 124 472
3 124 127 70
3 127 124 70
3 127 146 70
3 146 127 70
3 381 178 228
3 178 381 228
3 178 173 101
3 173 178 101
3 384 421 563
3 421 384 563
3 421 417 150
3 417 421 150
3 166 367 319
3 367 166 319
3 367 372 440
3 372 367 440
3 165 124 8
3 124 165 8
3 118 203 375
3 203 118 375
3 118 289 203
3 289 118 203
3 535 567 83
3 567 535 83
3 567 257 83
3 257 567 83
3 416 347 169
3 347 416 169
3 416 255 347
3 255 416 347
3 20 288 473
3 288 20 473
3 20 4 288
3 4 20 288
3 487 15 4
3 15 487 4
3 15 288 4
3 288 15 4
3 15 110 288
3 110 15 288
3 110 469 288
3 469 110 288
3 110 490 469
3 490 110 469
3 490 484 469
3 484 490 469
3 484 375 469
3 375 484 469
3 484 359 375
3 359 484 375
3 359 118 375
3 118 359 375
3 359 289 118
3 289 359 118
3 359 428 289
3 428 359 289
3 428 10 289
3 10 428 289
3 10 203 289
3 203 10 289
3 10 168 203
3 168 10 203
3 46 83 219
3 83 46 219
3 46 554 83
3 554 46 83
3 554 535 83
3 535 554 83
3 554 567 535
3 567 554 535
3 554 73 567
3 73 554 567
3 73 551 567
3 551 73 567
3 551 257 567
3 257 551 567
3 551 380 257
3 380 551 257
3 77 169 493
3 169 77 493
3 77 187 169
3 187 77 169
3 187 416 169
3 416 187 169
3 187 348 416
3 348 187 416
3 348 255 416
3 255 348 416
3 348 561 255
3 561 348 255
3 561 347 255
3 347 561 255
3 561 85 347
3 85 561 347
3 85 23 347
3 23 85 347
3 85 373 23
3 373 85 23
3 373 515 23
3 515 373 23
3 515 473 23
3 473 515 23
3 515 12 473
3 12 515 473
3 12 20 473
3 20 12 473
3 12 4 20
3 4 12 20
3 12 487 4
3 487 12 4
3 484 10 359
3 10 484 359
3 10 428 359
3 428 10 359
3 46 73 554
3 73 46 554
3 46 551 73
3 551 46 73
3 77 348 187
3 348 77 187
3 77 561 348
3 561 77 348
3 515 15 12
3 15 515 12
3 15 487 12
3 487 15 12
3 302 415 51
3 415 302 51
3 415 520 51
3 520 415 51
3 415 545 520
3 545 415 520
3 545 553 520
3 553 545 520
3 553 40 520
3 40 553 520
3 553 115 40
3 115 553 40
3 553 360 115
3 360 553 115
3 360 16 115
3 16 360 115
3 360 532 16
3 532 360 16
3 532 6 16
3 6 532 16
3 532 25 6
3 25 532 6
3 25 452 6
3 452 25 6
3 25 172 452
3 172 25 452
3 172 184 452
3 184 172 452
3 184 75 452
3 75 184 452
3 184 425 75
3 425 184 75
3 184 536 425
3 536 184 425
3 536 465 425
3 465 536 425
3 536 482 465
3 482 536 465
3 482 392 465
3 392 482 465
3 482 468 392
3 468 482 392
3 468 164 392
3 164 468 392
3 468 508 164
3 508 468 164
3 468 328 508
3 328 468 508
3 328 249 508
3 249 328 508
3 328 42 249
3 42 328 249
3 42 333 249
3 333 42 249
3 333 391 249
3 391 333 249
3 333 537 391
3 537 333 391
3 537 570 391
3 570 537 391
3 537 2 570
3 2 537 570
3 537 26 2
3 26 537 2
3 26 453 2
3 453 26 2
3 26 444 453
3 444 26 453
3 444 47 453
3 47 444 453
3 444 450 47
3 450 444 47
3 450 264 47
3 264 450 47
3 450 528 264
3 528 450 264
3 528 559 264
3 559 528 264
3 528 19 559
3 19 528 559
3 19 571 559
3 571 19 559
3 19 552 571
3 552 19 571
3 552 546 571
3 546 552 571
3 546 368 571
3 368 546 571
3 546 302 368
3 302 546 368
3 302 51 368
3 51 302 368
3 541 415 302
3 415 541 302
3 541 222 415
3 222 541 415
3 222 545 415
3 545 222 415
3 222 28 545
3 28 222 545
3 28 479 545
3 479 28 545
3 479 553 545
3 553 479 545
3 479 314 553
3 314 479 553
3 314 360 553
3 360 314 553
3 314 117 360
3 117 314 360
3 117 532 360
3 532 117 360
3 117 38 532
3 38 117 532
3 38 25 532
3 25 38 532
3 38 402 25
3 402 38 25
3 402 172 25
3 172 402 25
3 402 310 172
3 310 402 172
3 310 184 172
3 184 310 172
3 310 424 184
3 424 310 184
3 424 230 184
3 230 424 184
3 230 536 184
3 536 230 184
3 230 80 536
3 80 230 536
3 80 482 536
3 482 80 536
3 80 543 482
3 543 80 482
3 543 468 482
3 468 543 482
3 543 250 468
3 250 543 468
3 250 328 468
3 328 250 468
3 250 569 328
3 569 250 328
3 569 42 328
3 42 569 328
3 569 447 42
3 447 569 42
3 447 333 42
3 333 447 42
3 447 542 333
3 542 447 333
3 542 81 333
3 81 542 333
3 81 537 333
3 537 81 333
3 81 231 537
3 231 81 537
3 231 26 537
3 26 231 537
3 231 423 26
3 423 231 26
3 423 523 26
3 523 423 26
3 523 444 26
3 444 523 26
3 523 401 444
3 401 523 444
3 401 450 444
3 450 401 444
3 401 37 450
3 37 401 450
3 37 528 450
3 528 37 450
3 37 114 528
3 114 37 528
3 114 19 528
3 19 114 528
3 114 244 19
3 244 114 19
3 244 552 19
3 552 244 19
3 244 403 552
3 403 244 552
3 403 546 552
3 546 403 552
3 403 221 546
3 221 403 546
3 221 302 546
3 302 221 546
3 221 541 302
3 541 221 302
3 270 222 541
3 222 270 541
3 436 28 222
3 28 436 222
3 34 479 28
3 479 34 28
3 459 117 314
3 117 459 314
3 170 38 117
3 38 170 117
3 38 13 402
3 13 38 402
3 176 424 310
3 424 176 310
3 90 230 424
3 230 90 424
3 549 543 80
3 543 549 80
3 104 250 543
3 250 104 543
3 250 192 569
3 192 250 569
3 121 542 447
3 542 121 447
